/*--------------------------------*- C++ -*----------------------------------*\
| =========                 |                                                 |
| \\      /  F ield         | OpenFOAM: The Open Source CFD Toolbox           |
|  \\    /   O peration     | Version:  4.1                                   |
|   \\  /    A nd           | Web:      www.OpenFOAM.org                      |
|    \\/     M anipulation  |                                                 |
\*---------------------------------------------------------------------------*/
FoamFile
{
    version     2.0;
    format      ascii;
    class       vectorField;
    location    "constant/Air_rotated/polyMesh";
    object      points;
}
// * * * * * * * * * * * * * * * * * * * * * * * * * * * * * * * * * * * * * //


2501
(
(1.7431528e-32 -1.7431528e-32 15)
(-3.5355339 3.5355339 15)
(-3.5355339 3.5355339 0)
(0 0 0)
(-3.1819805 3.1819805 15)
(-2.8284271 2.8284271 15)
(-2.4748737 2.4748737 15)
(-2.1213203 2.1213203 15)
(-1.767767 1.767767 15)
(-1.4142136 1.4142136 15)
(-1.0606602 1.0606602 15)
(-0.70710678 0.70710678 15)
(-0.35355339 0.35355339 15)
(-3.5355339 3.5355339 0.5)
(-3.5355339 3.5355339 1)
(-3.5355339 3.5355339 1.5)
(-3.5355339 3.5355339 2)
(-3.5355339 3.5355339 2.5)
(-3.5355339 3.5355339 3)
(-3.5355339 3.5355339 3.5)
(-3.5355339 3.5355339 4)
(-3.5355339 3.5355339 4.5)
(-3.5355339 3.5355339 5)
(-3.5355339 3.5355339 5.5)
(-3.5355339 3.5355339 6)
(-3.5355339 3.5355339 6.5)
(-3.5355339 3.5355339 7)
(-3.5355339 3.5355339 7.5)
(-3.5355339 3.5355339 8)
(-3.5355339 3.5355339 8.5)
(-3.5355339 3.5355339 9)
(-3.5355339 3.5355339 9.5)
(-3.5355339 3.5355339 10)
(-3.5355339 3.5355339 10.5)
(-3.5355339 3.5355339 11)
(-3.5355339 3.5355339 11.5)
(-3.5355339 3.5355339 12)
(-3.5355339 3.5355339 12.5)
(-3.5355339 3.5355339 13)
(-3.5355339 3.5355339 13.5)
(-3.5355339 3.5355339 14)
(-3.5355339 3.5355339 14.5)
(-3.1819805 3.1819805 0)
(-2.8284271 2.8284271 0)
(-2.4748737 2.4748737 0)
(-2.1213203 2.1213203 0)
(-1.767767 1.767767 0)
(-1.4142136 1.4142136 0)
(-1.0606602 1.0606602 0)
(-0.70710678 0.70710678 0)
(-0.35355339 0.35355339 0)
(0 0 0.5)
(0 0 1)
(0 0 1.5)
(0 0 2)
(0 0 2.5)
(0 0 3)
(0 0 3.5)
(0 0 4)
(0 0 4.5)
(0 0 5)
(0 0 5.5)
(0 0 6)
(0 0 6.5)
(0 0 7)
(0 0 7.5)
(0 0 8)
(0 0 8.5)
(0 0 9)
(0 0 9.5)
(0 0 10)
(0 0 10.5)
(0 0 11)
(0 0 11.5)
(0 0 12)
(0 0 12.5)
(0 0 13)
(0 0 13.5)
(0 0 14)
(0 0 14.5)
(-3.1819805 3.1819805 3)
(-3.1819805 3.1819805 5)
(-3.1819805 3.1819805 7)
(-3.1819805 3.1819805 9)
(-3.1819805 3.1819805 11)
(-0.35355339 0.35355339 2.5)
(-0.35355339 0.35355339 4)
(-0.35355339 0.35355339 5.5)
(-0.35355339 0.35355339 7)
(-0.35355339 0.35355339 8.5)
(-0.35355339 0.35355339 10)
(-0.35355339 0.35355339 11.5)
(-1.767767 1.767767 14.5)
(-1.767767 1.767767 0.5)
(-3.1819805 3.1819805 2)
(-3.1819805 3.1819805 13)
(-0.35355339 0.35355339 13)
(-2.4748737 2.4748737 0.5)
(-2.8284271 2.8284271 14.5)
(-1.0606602 1.0606602 14.5)
(-0.70710678 0.70710678 0.5)
(-2.8284271 2.8284271 0.5)
(-0.35355339 0.35355339 14.5)
(-2.4748737 2.4748737 14.5)
(-0.35355339 0.35355339 0.5)
(-3.1819805 3.1819805 14.5)
(-3.1819805 3.1819805 1.5)
(-3.1819805 3.1819805 4)
(-3.1819805 3.1819805 6)
(-3.1819805 3.1819805 8)
(-3.1819805 3.1819805 10)
(-3.1819805 3.1819805 12)
(-3.1819805 3.1819805 14)
(-1.0606602 1.0606602 0.5)
(-0.35355339 0.35355339 1)
(-0.35355339 0.35355339 1.5)
(-0.35355339 0.35355339 3)
(-0.35355339 0.35355339 4.5)
(-0.35355339 0.35355339 6)
(-0.35355339 0.35355339 7.5)
(-0.35355339 0.35355339 9)
(-0.35355339 0.35355339 10.5)
(-0.35355339 0.35355339 12)
(-0.35355339 0.35355339 13.5)
(-3.1819805 3.1819805 0.5)
(-0.70710678 0.70710678 2.5)
(-0.70710678 0.70710678 7)
(-0.70710678 0.70710678 8.5)
(-0.70710678 0.70710678 4)
(-0.70710678 0.70710678 10)
(-0.70710678 0.70710678 11.5)
(-2.8284271 2.8284271 2)
(-0.70710678 0.70710678 13)
(-2.1213203 2.1213203 14.5)
(-2.1213203 2.1213203 0.5)
(-1.4142136 1.4142136 0.5)
(-3.1819805 3.1819805 1)
(-2.8284271 2.8284271 1)
(-1.4142136 1.4142136 14.5)
(-0.70710678 0.70710678 14.5)
(-3.1819805 3.1819805 2.5)
(-3.1819805 3.1819805 3.5)
(-3.1819805 3.1819805 4.5)
(-3.1819805 3.1819805 5.5)
(-3.1819805 3.1819805 6.5)
(-3.1819805 3.1819805 7.5)
(-3.1819805 3.1819805 8.5)
(-3.1819805 3.1819805 9.5)
(-3.1819805 3.1819805 10.5)
(-3.1819805 3.1819805 11.5)
(-3.1819805 3.1819805 12.5)
(-3.1819805 3.1819805 13.5)
(-0.35355339 0.35355339 2)
(-0.35355339 0.35355339 3.5)
(-0.35355339 0.35355339 5)
(-0.35355339 0.35355339 6.5)
(-0.35355339 0.35355339 8)
(-0.35355339 0.35355339 9.5)
(-0.35355339 0.35355339 11)
(-0.35355339 0.35355339 12.5)
(-0.35355339 0.35355339 14)
(-2.8284271 2.8284271 14)
(-0.70710678 0.70710678 1)
(-2.8284271 2.8284271 5)
(-2.8284271 2.8284271 7)
(-2.8284271 2.8284271 9)
(-2.8284271 2.8284271 11)
(-2.8284271 2.8284271 13)
(-2.8284271 2.8284271 4)
(-1.767767 1.767767 1)
(-0.70710678 0.70710678 5)
(-1.4142136 1.4142136 14)
(-0.70710678 0.70710678 13.5)
(-0.70710678 0.70710678 1.5)
(-0.70710678 0.70710678 3)
(-0.70710678 0.70710678 7.5)
(-0.70710678 0.70710678 9)
(-0.70710678 0.70710678 10.5)
(-0.70710678 0.70710678 12)
(-2.8284271 2.8284271 3)
(-2.4748737 2.4748737 1)
(-2.8284271 2.8284271 1.5)
(-2.8284271 2.8284271 2.5)
(-1.767767 1.767767 14)
(-0.70710678 0.70710678 14)
(-2.4748737 2.4748737 14)
(-2.8284271 2.8284271 6)
(-2.8284271 2.8284271 8)
(-2.8284271 2.8284271 10)
(-2.8284271 2.8284271 12)
(-1.0606602 1.0606602 1)
(-0.70710678 0.70710678 4.5)
(-0.70710678 0.70710678 2)
(-0.70710678 0.70710678 8)
(-0.70710678 0.70710678 3.5)
(-0.70710678 0.70710678 9.5)
(-0.70710678 0.70710678 11)
(-0.70710678 0.70710678 12.5)
(-2.8284271 2.8284271 13.5)
(-0.70710678 0.70710678 6)
(-0.70710678 0.70710678 6.5)
(-1.0606602 1.0606602 2.5)
(-1.0606602 1.0606602 7)
(-1.0606602 1.0606602 8.5)
(-1.0606602 1.0606602 4)
(-1.0606602 1.0606602 10)
(-1.0606602 1.0606602 11)
(-1.0606602 1.0606602 12)
(-2.4748737 2.4748737 3)
(-1.4142136 1.4142136 13.5)
(-2.4748737 2.4748737 2)
(-2.1213203 2.1213203 1)
(-1.4142136 1.4142136 1)
(-2.4748737 2.4748737 1.5)
(-1.0606602 1.0606602 7.5)
(-0.70710678 0.70710678 5.5)
(-1.0606602 1.0606602 14)
(-1.0606602 1.0606602 13)
(-2.1213203 2.1213203 14)
(-2.8284271 2.8284271 3.5)
(-2.8284271 2.8284271 4.5)
(-2.8284271 2.8284271 5.5)
(-2.8284271 2.8284271 6.5)
(-2.8284271 2.8284271 7.5)
(-2.8284271 2.8284271 8.5)
(-2.8284271 2.8284271 9.5)
(-2.8284271 2.8284271 10.5)
(-2.8284271 2.8284271 11.5)
(-2.8284271 2.8284271 12.5)
(-2.4748737 2.4748737 13.5)
(-1.0606602 1.0606602 4.5)
(-1.0606602 1.0606602 1.5)
(-1.0606602 1.0606602 3)
(-1.0606602 1.0606602 9)
(-1.0606602 1.0606602 6)
(-2.4748737 2.4748737 5)
(-1.4142136 1.4142136 7)
(-2.4748737 2.4748737 9)
(-2.4748737 2.4748737 11)
(-2.4748737 2.4748737 12.5)
(-2.4748737 2.4748737 7)
(-1.4142136 1.4142136 2.5)
(-1.4142136 1.4142136 8.5)
(-1.4142136 1.4142136 4)
(-2.1213203 2.1213203 13.5)
(-1.0606602 1.0606602 5.5)
(-2.1213203 2.1213203 1.5)
(-1.767767 1.767767 1.5)
(-2.4748737 2.4748737 2.5)
(-1.4142136 1.4142136 1.5)
(-1.0606602 1.0606602 11.5)
(-2.4748737 2.4748737 13)
(-2.4748737 2.4748737 4)
(-1.0606602 1.0606602 5)
(-1.0606602 1.0606602 13.5)
(-1.0606602 1.0606602 10.5)
(-1.767767 1.767767 13.5)
(-2.4748737 2.4748737 6)
(-2.4748737 2.4748737 8)
(-2.4748737 2.4748737 10)
(-2.4748737 2.4748737 12)
(-1.0606602 1.0606602 2)
(-1.0606602 1.0606602 8)
(-1.0606602 1.0606602 3.5)
(-1.0606602 1.0606602 9.5)
(-1.0606602 1.0606602 12.5)
(-2.4748737 2.4748737 3.5)
(-1.0606602 1.0606602 6.5)
(-1.4142136 1.4142136 10)
(-1.4142136 1.4142136 11)
(-2.1213203 2.1213203 12.5)
(-1.4142136 1.4142136 5.5)
(-2.1213203 2.1213203 2)
(-1.4142136 1.4142136 7.5)
(-1.4142136 1.4142136 12)
(-2.1213203 2.1213203 3)
(-1.4142136 1.4142136 3)
(-2.1213203 2.1213203 4)
(-1.767767 1.767767 2)
(-1.4142136 1.4142136 8)
(-1.4142136 1.4142136 13)
(-2.4748737 2.4748737 4.5)
(-2.4748737 2.4748737 5.5)
(-2.4748737 2.4748737 6.5)
(-2.4748737 2.4748737 8.5)
(-2.4748737 2.4748737 9.5)
(-2.4748737 2.4748737 10.5)
(-2.4748737 2.4748737 11.5)
(-1.4142136 1.4142136 4.5)
(-1.4142136 1.4142136 9)
(-1.4142136 1.4142136 2)
(-1.4142136 1.4142136 3.5)
(-2.1213203 2.1213203 13)
(-2.4748737 2.4748737 7.5)
(-1.4142136 1.4142136 6)
(-1.4142136 1.4142136 6.5)
(-2.1213203 2.1213203 5.5)
(-1.767767 1.767767 7)
(-2.1213203 2.1213203 9)
(-2.1213203 2.1213203 11)
(-1.767767 1.767767 8)
(-2.1213203 2.1213203 10)
(-2.1213203 2.1213203 12)
(-2.1213203 2.1213203 2.5)
(-2.1213203 2.1213203 5)
(-2.1213203 2.1213203 7)
(-1.767767 1.767767 2.5)
(-1.767767 1.767767 8.5)
(-1.767767 1.767767 4)
(-1.4142136 1.4142136 11.5)
(-1.4142136 1.4142136 5)
(-1.4142136 1.4142136 10.5)
(-1.767767 1.767767 13)
(-2.1213203 2.1213203 6.5)
(-2.1213203 2.1213203 8.5)
(-2.1213203 2.1213203 8)
(-1.4142136 1.4142136 9.5)
(-1.4142136 1.4142136 12.5)
(-2.1213203 2.1213203 3.5)
(-1.767767 1.767767 5.5)
(-1.767767 1.767767 3)
(-2.1213203 2.1213203 4.5)
(-1.767767 1.767767 6)
(-1.767767 1.767767 7.5)
(-2.1213203 2.1213203 6)
(-1.767767 1.767767 10)
(-1.767767 1.767767 11)
(-1.767767 1.767767 12.5)
(-1.767767 1.767767 11.5)
(-2.1213203 2.1213203 9.5)
(-2.1213203 2.1213203 10.5)
(-2.1213203 2.1213203 11.5)
(-1.767767 1.767767 4.5)
(-1.767767 1.767767 9)
(-1.767767 1.767767 3.5)
(-2.1213203 2.1213203 7.5)
(-1.767767 1.767767 6.5)
(-1.767767 1.767767 5)
(-1.767767 1.767767 12)
(-1.767767 1.767767 10.5)
(-1.767767 1.767767 9.5)
(-3.3587572 3.3587572 15)
(-3.0052038 3.0052038 15)
(-2.6516504 2.6516504 15)
(-2.298097 2.298097 15)
(-1.9445436 1.9445436 15)
(-1.5909903 1.5909903 15)
(-1.2374369 1.2374369 15)
(-0.88388348 0.88388348 15)
(-0.53033009 0.53033009 15)
(-0.1767767 0.1767767 15)
(-3.5355339 3.5355339 0.25)
(-3.5355339 3.5355339 0.75)
(-3.5355339 3.5355339 1.25)
(-3.5355339 3.5355339 1.75)
(-3.5355339 3.5355339 2.25)
(-3.5355339 3.5355339 2.75)
(-3.5355339 3.5355339 3.25)
(-3.5355339 3.5355339 3.75)
(-3.5355339 3.5355339 4.25)
(-3.5355339 3.5355339 4.75)
(-3.5355339 3.5355339 5.25)
(-3.5355339 3.5355339 5.75)
(-3.5355339 3.5355339 6.25)
(-3.5355339 3.5355339 6.75)
(-3.5355339 3.5355339 7.25)
(-3.5355339 3.5355339 7.75)
(-3.5355339 3.5355339 8.25)
(-3.5355339 3.5355339 8.75)
(-3.5355339 3.5355339 9.25)
(-3.5355339 3.5355339 9.75)
(-3.5355339 3.5355339 10.25)
(-3.5355339 3.5355339 10.75)
(-3.5355339 3.5355339 11.25)
(-3.5355339 3.5355339 11.75)
(-3.5355339 3.5355339 12.25)
(-3.5355339 3.5355339 12.75)
(-3.5355339 3.5355339 13.25)
(-3.5355339 3.5355339 13.75)
(-3.5355339 3.5355339 14.25)
(-3.5355339 3.5355339 14.75)
(-3.3587572 3.3587572 0)
(-3.0052038 3.0052038 0)
(-2.6516504 2.6516504 0)
(-2.298097 2.298097 0)
(-1.9445436 1.9445436 0)
(-1.5909903 1.5909903 0)
(-1.2374369 1.2374369 0)
(-0.88388348 0.88388348 0)
(-0.53033009 0.53033009 0)
(-0.1767767 0.1767767 0)
(0 0 0.25)
(0 0 0.75)
(0 0 1.25)
(0 0 1.75)
(0 0 2.25)
(0 0 2.75)
(0 0 3.25)
(0 0 3.75)
(0 0 4.25)
(0 0 4.75)
(0 0 5.25)
(0 0 5.75)
(0 0 6.25)
(0 0 6.75)
(0 0 7.25)
(0 0 7.75)
(0 0 8.25)
(0 0 8.75)
(0 0 9.25)
(0 0 9.75)
(0 0 10.25)
(0 0 10.75)
(0 0 11.25)
(0 0 11.75)
(0 0 12.25)
(0 0 12.75)
(0 0 13.25)
(0 0 13.75)
(0 0 14.25)
(0 0 14.75)
(-0.70710678 0.70710678 6.25)
(-0.88388348 0.88388348 6)
(-1.0606602 1.0606602 6.25)
(-0.88388348 0.88388348 6.5)
(-0.88388348 0.88388348 6.25)
(-1.0606602 1.0606602 7.75)
(-0.88388348 0.88388348 8)
(-0.70710678 0.70710678 7.75)
(-0.88388348 0.88388348 7.5)
(-0.88388348 0.88388348 7.75)
(-0.88388348 0.88388348 4)
(-0.70710678 0.70710678 3.75)
(-0.88388348 0.88388348 3.5)
(-1.0606602 1.0606602 3.75)
(-0.88388348 0.88388348 3.75)
(-0.70710678 0.70710678 3.25)
(-0.88388348 0.88388348 3)
(-1.0606602 1.0606602 3.25)
(-0.88388348 0.88388348 3.25)
(-0.88388348 0.88388348 10)
(-0.70710678 0.70710678 9.75)
(-0.88388348 0.88388348 9.5)
(-1.0606602 1.0606602 9.75)
(-0.88388348 0.88388348 9.75)
(-0.70710678 0.70710678 9.25)
(-0.88388348 0.88388348 9)
(-1.0606602 1.0606602 9.25)
(-0.88388348 0.88388348 9.25)
(-1.5909903 1.5909903 14.5)
(-1.4142136 1.4142136 14.25)
(-1.5909903 1.5909903 14)
(-1.767767 1.767767 14.25)
(-1.5909903 1.5909903 14.25)
(-0.70710678 0.70710678 12.25)
(-0.88388348 0.88388348 12)
(-1.0606602 1.0606602 12.25)
(-0.88388348 0.88388348 12.5)
(-0.88388348 0.88388348 12.25)
(-0.88388348 0.88388348 13)
(-0.70710678 0.70710678 12.75)
(-1.0606602 1.0606602 12.75)
(-0.88388348 0.88388348 12.75)
(-0.88388348 0.88388348 7)
(-0.70710678 0.70710678 6.75)
(-1.0606602 1.0606602 6.75)
(-0.88388348 0.88388348 6.75)
(-0.88388348 0.88388348 8.5)
(-0.70710678 0.70710678 8.25)
(-1.0606602 1.0606602 8.25)
(-0.88388348 0.88388348 8.25)
(-1.2374369 1.2374369 7.5)
(-1.0606602 1.0606602 7.25)
(-1.2374369 1.2374369 7)
(-1.4142136 1.4142136 7.25)
(-1.2374369 1.2374369 7.25)
(-2.6516504 2.6516504 3)
(-2.8284271 2.8284271 3.25)
(-2.6516504 2.6516504 3.5)
(-2.4748737 2.4748737 3.25)
(-2.6516504 2.6516504 3.25)
(-1.4142136 1.4142136 13.75)
(-1.2374369 1.2374369 14)
(-1.0606602 1.0606602 13.75)
(-1.2374369 1.2374369 13.5)
(-1.2374369 1.2374369 13.75)
(-1.0606602 1.0606602 13.25)
(-1.2374369 1.2374369 13)
(-1.4142136 1.4142136 13.25)
(-1.2374369 1.2374369 13.25)
(-2.298097 2.298097 1.5)
(-2.4748737 2.4748737 1.75)
(-2.298097 2.298097 2)
(-2.1213203 2.1213203 1.75)
(-2.298097 2.298097 1.75)
(-2.298097 2.298097 1)
(-2.4748737 2.4748737 1.25)
(-2.1213203 2.1213203 1.25)
(-2.298097 2.298097 1.25)
(-1.0606602 1.0606602 1.25)
(-1.2374369 1.2374369 1)
(-1.4142136 1.4142136 1.25)
(-1.2374369 1.2374369 1.5)
(-1.2374369 1.2374369 1.25)
(-1.5909903 1.5909903 1)
(-1.767767 1.767767 1.25)
(-1.5909903 1.5909903 1.5)
(-1.5909903 1.5909903 1.25)
(-2.4748737 2.4748737 2.75)
(-2.6516504 2.6516504 2.5)
(-2.8284271 2.8284271 2.75)
(-2.6516504 2.6516504 2.75)
(-1.2374369 1.2374369 14.5)
(-1.0606602 1.0606602 14.25)
(-1.2374369 1.2374369 14.25)
(-0.70710678 0.70710678 7.25)
(-0.88388348 0.88388348 7.25)
(-0.70710678 0.70710678 8.75)
(-1.0606602 1.0606602 8.75)
(-0.88388348 0.88388348 8.75)
(-0.70710678 0.70710678 10.25)
(-1.0606602 1.0606602 10.25)
(-0.88388348 0.88388348 10.5)
(-0.88388348 0.88388348 10.25)
(-3.1819805 3.1819805 14.25)
(-3.0052038 3.0052038 14.5)
(-2.8284271 2.8284271 14.25)
(-3.0052038 3.0052038 14)
(-3.0052038 3.0052038 14.25)
(-0.88388348 0.88388348 11)
(-0.70710678 0.70710678 10.75)
(-1.0606602 1.0606602 10.75)
(-0.88388348 0.88388348 10.75)
(-2.6516504 2.6516504 1)
(-2.8284271 2.8284271 1.25)
(-2.6516504 2.6516504 1.5)
(-2.6516504 2.6516504 1.25)
(-2.8284271 2.8284271 1.75)
(-2.6516504 2.6516504 2)
(-2.6516504 2.6516504 1.75)
(-1.2374369 1.2374369 8)
(-1.4142136 1.4142136 7.75)
(-1.2374369 1.2374369 7.75)
(-2.8284271 2.8284271 2.25)
(-2.4748737 2.4748737 2.25)
(-2.6516504 2.6516504 2.25)
(-1.5909903 1.5909903 13.5)
(-1.767767 1.767767 13.75)
(-1.5909903 1.5909903 13.75)
(-2.1213203 2.1213203 13.75)
(-1.9445436 1.9445436 14)
(-1.9445436 1.9445436 13.5)
(-1.9445436 1.9445436 13.75)
(-2.8284271 2.8284271 13.75)
(-2.6516504 2.6516504 14)
(-2.4748737 2.4748737 13.75)
(-2.6516504 2.6516504 13.5)
(-2.6516504 2.6516504 13.75)
(-2.8284271 2.8284271 12.25)
(-2.6516504 2.6516504 12.5)
(-2.4748737 2.4748737 12.25)
(-2.6516504 2.6516504 12)
(-2.6516504 2.6516504 12.25)
(-0.70710678 0.70710678 4.25)
(-1.0606602 1.0606602 4.25)
(-0.88388348 0.88388348 4.5)
(-0.88388348 0.88388348 4.25)
(-0.88388348 0.88388348 2.5)
(-0.70710678 0.70710678 2.25)
(-0.88388348 0.88388348 2)
(-1.0606602 1.0606602 2.25)
(-0.88388348 0.88388348 2.25)
(-0.70710678 0.70710678 1.75)
(-0.88388348 0.88388348 1.5)
(-1.0606602 1.0606602 1.75)
(-0.88388348 0.88388348 1.75)
(-2.4748737 2.4748737 5.25)
(-2.298097 2.298097 5.5)
(-2.1213203 2.1213203 5.25)
(-2.298097 2.298097 5)
(-2.298097 2.298097 5.25)
(-3.1819805 3.1819805 7.25)
(-3.0052038 3.0052038 7.5)
(-2.8284271 2.8284271 7.25)
(-3.0052038 3.0052038 7)
(-3.0052038 3.0052038 7.25)
(-3.0052038 3.0052038 6.5)
(-3.1819805 3.1819805 6.75)
(-2.8284271 2.8284271 6.75)
(-3.0052038 3.0052038 6.75)
(-2.8284271 2.8284271 11.75)
(-2.4748737 2.4748737 11.75)
(-2.6516504 2.6516504 11.5)
(-2.6516504 2.6516504 11.75)
(-1.2374369 1.2374369 4)
(-1.4142136 1.4142136 4.25)
(-1.2374369 1.2374369 4.5)
(-1.2374369 1.2374369 4.25)
(-1.0606602 1.0606602 2.75)
(-1.2374369 1.2374369 2.5)
(-1.4142136 1.4142136 2.75)
(-1.2374369 1.2374369 3)
(-1.2374369 1.2374369 2.75)
(-1.2374369 1.2374369 8.5)
(-1.4142136 1.4142136 8.75)
(-1.2374369 1.2374369 9)
(-1.2374369 1.2374369 8.75)
(-1.0606602 1.0606602 5.75)
(-1.2374369 1.2374369 5.5)
(-1.4142136 1.4142136 5.75)
(-1.2374369 1.2374369 6)
(-1.2374369 1.2374369 5.75)
(-1.2374369 1.2374369 6.5)
(-1.4142136 1.4142136 6.25)
(-1.2374369 1.2374369 6.25)
(-2.6516504 2.6516504 11)
(-2.8284271 2.8284271 11.25)
(-2.4748737 2.4748737 11.25)
(-2.6516504 2.6516504 11.25)
(-1.4142136 1.4142136 6.75)
(-1.2374369 1.2374369 6.75)
(-2.298097 2.298097 6.5)
(-2.4748737 2.4748737 6.75)
(-2.298097 2.298097 7)
(-2.1213203 2.1213203 6.75)
(-2.298097 2.298097 6.75)
(-1.2374369 1.2374369 2)
(-1.4142136 1.4142136 2.25)
(-1.2374369 1.2374369 2.25)
(-1.5909903 1.5909903 2)
(-1.767767 1.767767 2.25)
(-1.5909903 1.5909903 2.5)
(-1.5909903 1.5909903 2.25)
(-0.1767767 0.1767767 13.5)
(-0.35355339 0.35355339 13.75)
(-0.1767767 0.1767767 14)
(-0.1767767 0.1767767 13.75)
(-0.1767767 0.1767767 14.5)
(-0.35355339 0.35355339 14.25)
(-0.1767767 0.1767767 14.25)
(-1.4142136 1.4142136 8.25)
(-1.2374369 1.2374369 8.25)
(-0.1767767 0.1767767 13)
(-0.35355339 0.35355339 13.25)
(-0.1767767 0.1767767 13.25)
(-2.8284271 2.8284271 5.75)
(-2.6516504 2.6516504 6)
(-2.4748737 2.4748737 5.75)
(-2.6516504 2.6516504 5.5)
(-2.6516504 2.6516504 5.75)
(-0.70710678 0.70710678 5.75)
(-0.88388348 0.88388348 5.5)
(-0.88388348 0.88388348 5.75)
(-2.298097 2.298097 14)
(-2.298097 2.298097 13.5)
(-2.298097 2.298097 13.75)
(-0.53033009 0.53033009 6)
(-0.35355339 0.35355339 5.75)
(-0.53033009 0.53033009 5.5)
(-0.53033009 0.53033009 5.75)
(-0.35355339 0.35355339 5.25)
(-0.53033009 0.53033009 5)
(-0.70710678 0.70710678 5.25)
(-0.53033009 0.53033009 5.25)
(-2.8284271 2.8284271 3.75)
(-2.6516504 2.6516504 4)
(-2.4748737 2.4748737 3.75)
(-2.6516504 2.6516504 3.75)
(-2.8284271 2.8284271 4.75)
(-2.6516504 2.6516504 5)
(-2.4748737 2.4748737 4.75)
(-2.6516504 2.6516504 4.5)
(-2.6516504 2.6516504 4.75)
(-2.8284271 2.8284271 4.25)
(-2.4748737 2.4748737 4.25)
(-2.6516504 2.6516504 4.25)
(-2.8284271 2.8284271 5.25)
(-2.6516504 2.6516504 5.25)
(-0.88388348 0.88388348 14.5)
(-0.70710678 0.70710678 14.25)
(-0.88388348 0.88388348 14)
(-0.88388348 0.88388348 14.25)
(-2.8284271 2.8284271 6.25)
(-2.6516504 2.6516504 6.5)
(-2.4748737 2.4748737 6.25)
(-2.6516504 2.6516504 6.25)
(-2.8284271 2.8284271 7.75)
(-2.6516504 2.6516504 8)
(-2.4748737 2.4748737 7.75)
(-2.6516504 2.6516504 7.5)
(-2.6516504 2.6516504 7.75)
(-2.8284271 2.8284271 8.75)
(-2.6516504 2.6516504 9)
(-2.4748737 2.4748737 8.75)
(-2.6516504 2.6516504 8.5)
(-2.6516504 2.6516504 8.75)
(-2.8284271 2.8284271 8.25)
(-2.4748737 2.4748737 8.25)
(-2.6516504 2.6516504 8.25)
(-2.8284271 2.8284271 9.25)
(-2.6516504 2.6516504 9.5)
(-2.4748737 2.4748737 9.25)
(-2.6516504 2.6516504 9.25)
(-2.8284271 2.8284271 9.75)
(-2.6516504 2.6516504 10)
(-2.4748737 2.4748737 9.75)
(-2.6516504 2.6516504 9.75)
(-2.8284271 2.8284271 10.75)
(-2.4748737 2.4748737 10.75)
(-2.6516504 2.6516504 10.5)
(-2.6516504 2.6516504 10.75)
(-2.8284271 2.8284271 10.25)
(-2.4748737 2.4748737 10.25)
(-2.6516504 2.6516504 10.25)
(-3.1819805 3.1819805 3.75)
(-3.0052038 3.0052038 4)
(-3.0052038 3.0052038 3.5)
(-3.0052038 3.0052038 3.75)
(-1.767767 1.767767 0.75)
(-1.9445436 1.9445436 0.5)
(-2.1213203 2.1213203 0.75)
(-1.9445436 1.9445436 1)
(-1.9445436 1.9445436 0.75)
(-2.298097 2.298097 0.5)
(-2.4748737 2.4748737 0.75)
(-2.298097 2.298097 0.75)
(-1.5909903 1.5909903 0.5)
(-1.4142136 1.4142136 0.75)
(-1.5909903 1.5909903 0.75)
(-0.35355339 0.35355339 4.75)
(-0.53033009 0.53033009 4.5)
(-0.70710678 0.70710678 4.75)
(-0.53033009 0.53033009 4.75)
(-1.0606602 1.0606602 0.75)
(-1.2374369 1.2374369 0.5)
(-1.2374369 1.2374369 0.75)
(-0.35355339 0.35355339 4.25)
(-0.53033009 0.53033009 4)
(-0.53033009 0.53033009 4.25)
(-0.53033009 0.53033009 14.5)
(-0.53033009 0.53033009 14)
(-0.53033009 0.53033009 14.25)
(-3.0052038 3.0052038 2.5)
(-3.1819805 3.1819805 2.75)
(-3.0052038 3.0052038 3)
(-3.0052038 3.0052038 2.75)
(-0.35355339 0.35355339 2.75)
(-0.53033009 0.53033009 2.5)
(-0.70710678 0.70710678 2.75)
(-0.53033009 0.53033009 3)
(-0.53033009 0.53033009 2.75)
(-0.35355339 0.35355339 7.25)
(-0.53033009 0.53033009 7)
(-0.53033009 0.53033009 7.5)
(-0.53033009 0.53033009 7.25)
(-0.35355339 0.35355339 1.25)
(-0.53033009 0.53033009 1)
(-0.70710678 0.70710678 1.25)
(-0.53033009 0.53033009 1.5)
(-0.53033009 0.53033009 1.25)
(-3.1819805 3.1819805 3.25)
(-3.0052038 3.0052038 3.25)
(-3.1819805 3.1819805 4.75)
(-3.0052038 3.0052038 5)
(-3.0052038 3.0052038 4.5)
(-3.0052038 3.0052038 4.75)
(-3.1819805 3.1819805 4.25)
(-3.0052038 3.0052038 4.25)
(-3.1819805 3.1819805 5.25)
(-3.0052038 3.0052038 5.5)
(-3.0052038 3.0052038 5.25)
(-0.70710678 0.70710678 0.75)
(-0.88388348 0.88388348 0.5)
(-0.88388348 0.88388348 1)
(-0.88388348 0.88388348 0.75)
(-3.1819805 3.1819805 5.75)
(-3.0052038 3.0052038 6)
(-3.0052038 3.0052038 5.75)
(-3.1819805 3.1819805 6.25)
(-3.0052038 3.0052038 6.25)
(-0.70710678 0.70710678 11.25)
(-1.0606602 1.0606602 11.25)
(-0.88388348 0.88388348 11.5)
(-0.88388348 0.88388348 11.25)
(-0.35355339 0.35355339 2.25)
(-0.53033009 0.53033009 2)
(-0.53033009 0.53033009 2.25)
(-0.35355339 0.35355339 6.75)
(-0.53033009 0.53033009 6.5)
(-0.53033009 0.53033009 6.75)
(-0.53033009 0.53033009 8.5)
(-0.35355339 0.35355339 8.25)
(-0.53033009 0.53033009 8)
(-0.53033009 0.53033009 8.25)
(-0.35355339 0.35355339 3.75)
(-0.53033009 0.53033009 3.5)
(-0.53033009 0.53033009 3.75)
(-0.53033009 0.53033009 13)
(-0.70710678 0.70710678 13.25)
(-0.53033009 0.53033009 13.5)
(-0.53033009 0.53033009 13.25)
(-0.53033009 0.53033009 10)
(-0.35355339 0.35355339 9.75)
(-0.53033009 0.53033009 9.5)
(-0.53033009 0.53033009 9.75)
(-0.53033009 0.53033009 11.5)
(-0.35355339 0.35355339 11.25)
(-0.53033009 0.53033009 11)
(-0.53033009 0.53033009 11.25)
(-0.35355339 0.35355339 11.75)
(-0.70710678 0.70710678 11.75)
(-0.53033009 0.53033009 12)
(-0.53033009 0.53033009 11.75)
(-3.1819805 3.1819805 7.75)
(-3.0052038 3.0052038 8)
(-3.0052038 3.0052038 7.75)
(-1.0606602 1.0606602 11.75)
(-0.88388348 0.88388348 11.75)
(-0.35355339 0.35355339 10.25)
(-0.53033009 0.53033009 10.5)
(-0.53033009 0.53033009 10.25)
(-3.0052038 3.0052038 2)
(-3.1819805 3.1819805 2.25)
(-3.0052038 3.0052038 2.25)
(-0.35355339 0.35355339 12.75)
(-0.53033009 0.53033009 12.5)
(-0.53033009 0.53033009 12.75)
(-0.35355339 0.35355339 8.75)
(-0.53033009 0.53033009 9)
(-0.53033009 0.53033009 8.75)
(-0.35355339 0.35355339 7.75)
(-0.53033009 0.53033009 7.75)
(-1.9445436 1.9445436 14.5)
(-2.1213203 2.1213203 14.25)
(-1.9445436 1.9445436 14.25)
(-2.4748737 2.4748737 14.25)
(-2.298097 2.298097 14.5)
(-2.298097 2.298097 14.25)
(-2.8284271 2.8284271 0.75)
(-2.6516504 2.6516504 0.5)
(-2.6516504 2.6516504 0.75)
(-3.1819805 3.1819805 1.75)
(-3.0052038 3.0052038 1.5)
(-3.0052038 3.0052038 1.75)
(-0.35355339 0.35355339 12.25)
(-0.53033009 0.53033009 12.25)
(-0.70710678 0.70710678 13.75)
(-0.53033009 0.53033009 13.75)
(-2.6516504 2.6516504 7)
(-2.6516504 2.6516504 6.75)
(-2.6516504 2.6516504 14.5)
(-2.6516504 2.6516504 14.25)
(-2.4748737 2.4748737 7.25)
(-2.6516504 2.6516504 7.25)
(-2.8284271 2.8284271 13.25)
(-2.4748737 2.4748737 13.25)
(-2.6516504 2.6516504 13)
(-2.6516504 2.6516504 13.25)
(-2.8284271 2.8284271 12.75)
(-2.4748737 2.4748737 12.75)
(-2.6516504 2.6516504 12.75)
(-0.35355339 0.35355339 10.75)
(-0.53033009 0.53033009 10.75)
(-1.9445436 1.9445436 1.5)
(-1.9445436 1.9445436 1.25)
(-3.0052038 3.0052038 0.5)
(-3.1819805 3.1819805 0.75)
(-3.0052038 3.0052038 1)
(-3.0052038 3.0052038 0.75)
(-1.0606602 1.0606602 4.75)
(-0.88388348 0.88388348 5)
(-0.88388348 0.88388348 4.75)
(-1.0606602 1.0606602 5.25)
(-0.88388348 0.88388348 5.25)
(-0.88388348 0.88388348 13.5)
(-0.88388348 0.88388348 13.75)
(-0.88388348 0.88388348 13.25)
(-0.88388348 0.88388348 1.25)
(-0.88388348 0.88388348 2.75)
(-3.1819805 3.1819805 12.75)
(-3.0052038 3.0052038 13)
(-3.0052038 3.0052038 12.5)
(-3.0052038 3.0052038 12.75)
(-3.1819805 3.1819805 8.75)
(-3.0052038 3.0052038 9)
(-3.0052038 3.0052038 8.5)
(-3.0052038 3.0052038 8.75)
(-3.1819805 3.1819805 8.25)
(-3.0052038 3.0052038 8.25)
(-3.1819805 3.1819805 9.25)
(-3.0052038 3.0052038 9.5)
(-3.0052038 3.0052038 9.25)
(-3.1819805 3.1819805 9.75)
(-3.0052038 3.0052038 10)
(-3.0052038 3.0052038 9.75)
(-3.1819805 3.1819805 10.75)
(-3.0052038 3.0052038 11)
(-3.0052038 3.0052038 10.5)
(-3.0052038 3.0052038 10.75)
(-3.1819805 3.1819805 10.25)
(-3.0052038 3.0052038 10.25)
(-3.1819805 3.1819805 11.25)
(-3.0052038 3.0052038 11.5)
(-3.0052038 3.0052038 11.25)
(-3.1819805 3.1819805 11.75)
(-3.0052038 3.0052038 12)
(-3.0052038 3.0052038 11.75)
(-1.5909903 1.5909903 8)
(-1.767767 1.767767 8.25)
(-1.5909903 1.5909903 8.5)
(-1.5909903 1.5909903 8.25)
(-3.1819805 3.1819805 12.25)
(-3.0052038 3.0052038 12.25)
(-3.1819805 3.1819805 13.75)
(-3.0052038 3.0052038 13.5)
(-3.0052038 3.0052038 13.75)
(-3.1819805 3.1819805 13.25)
(-3.0052038 3.0052038 13.25)
(-0.35355339 0.35355339 1.75)
(-0.53033009 0.53033009 1.75)
(-0.35355339 0.35355339 3.25)
(-0.53033009 0.53033009 3.25)
(-0.35355339 0.35355339 6.25)
(-0.53033009 0.53033009 6.25)
(-0.35355339 0.35355339 9.25)
(-0.53033009 0.53033009 9.25)
(-3.1819805 3.1819805 1.25)
(-3.0052038 3.0052038 1.25)
(-1.5909903 1.5909903 6.5)
(-1.5909903 1.5909903 6)
(-1.767767 1.767767 6.25)
(-1.5909903 1.5909903 6.25)
(-1.5909903 1.5909903 4)
(-1.4142136 1.4142136 3.75)
(-1.5909903 1.5909903 3.5)
(-1.767767 1.767767 3.75)
(-1.5909903 1.5909903 3.75)
(-1.4142136 1.4142136 3.25)
(-1.5909903 1.5909903 3)
(-1.767767 1.767767 3.25)
(-1.5909903 1.5909903 3.25)
(-3.3587572 3.3587572 8)
(-3.3587572 3.3587572 8.5)
(-3.3587572 3.3587572 8.25)
(-3.3587572 3.3587572 9)
(-3.3587572 3.3587572 8.75)
(-2.298097 2.298097 7.5)
(-2.1213203 2.1213203 7.25)
(-2.298097 2.298097 7.25)
(-2.298097 2.298097 8)
(-2.1213203 2.1213203 7.75)
(-2.298097 2.298097 7.75)
(-3.3587572 3.3587572 7.5)
(-3.3587572 3.3587572 7.75)
(-3.3587572 3.3587572 7)
(-3.3587572 3.3587572 7.25)
(-3.3587572 3.3587572 9.5)
(-3.3587572 3.3587572 9.25)
(-1.5909903 1.5909903 7)
(-1.767767 1.767767 6.75)
(-1.5909903 1.5909903 6.75)
(-3.3587572 3.3587572 6)
(-3.3587572 3.3587572 6.5)
(-3.3587572 3.3587572 6.25)
(-3.3587572 3.3587572 6.75)
(-1.9445436 1.9445436 7)
(-1.9445436 1.9445436 6.5)
(-1.9445436 1.9445436 6.75)
(-1.9445436 1.9445436 8.5)
(-2.1213203 2.1213203 8.75)
(-1.9445436 1.9445436 9)
(-1.767767 1.767767 8.75)
(-1.9445436 1.9445436 8.75)
(-3.3587572 3.3587572 5.5)
(-3.3587572 3.3587572 5.75)
(-3.3587572 3.3587572 5)
(-3.3587572 3.3587572 5.25)
(-1.767767 1.767767 11.25)
(-1.9445436 1.9445436 11)
(-2.1213203 2.1213203 11.25)
(-1.9445436 1.9445436 11.5)
(-1.9445436 1.9445436 11.25)
(-3.3587572 3.3587572 12)
(-3.3587572 3.3587572 11.5)
(-3.3587572 3.3587572 11.75)
(-2.298097 2.298097 8.5)
(-2.1213203 2.1213203 8.25)
(-2.298097 2.298097 8.25)
(-3.3587572 3.3587572 13)
(-3.3587572 3.3587572 13.5)
(-3.3587572 3.3587572 13.25)
(-2.298097 2.298097 9)
(-2.298097 2.298097 9.5)
(-2.1213203 2.1213203 9.25)
(-2.298097 2.298097 9.25)
(-2.298097 2.298097 10)
(-2.1213203 2.1213203 9.75)
(-2.298097 2.298097 9.75)
(-3.3587572 3.3587572 12.5)
(-3.3587572 3.3587572 12.25)
(-3.3587572 3.3587572 12.75)
(-2.298097 2.298097 11)
(-2.1213203 2.1213203 10.75)
(-2.298097 2.298097 10.5)
(-2.298097 2.298097 10.75)
(-2.1213203 2.1213203 10.25)
(-2.298097 2.298097 10.25)
(-2.1213203 2.1213203 12.25)
(-1.9445436 1.9445436 12.5)
(-1.767767 1.767767 12.25)
(-1.9445436 1.9445436 12)
(-1.9445436 1.9445436 12.25)
(-3.3587572 3.3587572 11)
(-3.3587572 3.3587572 11.25)
(-2.298097 2.298097 11.5)
(-2.298097 2.298097 11.25)
(-2.298097 2.298097 12)
(-2.1213203 2.1213203 11.75)
(-2.298097 2.298097 11.75)
(-3.3587572 3.3587572 10)
(-3.3587572 3.3587572 10.5)
(-3.3587572 3.3587572 10.25)
(-3.3587572 3.3587572 10.75)
(-1.767767 1.767767 4.25)
(-1.5909903 1.5909903 4.5)
(-1.5909903 1.5909903 4.25)
(-1.5909903 1.5909903 9)
(-1.5909903 1.5909903 8.75)
(-3.3587572 3.3587572 9.75)
(-1.4142136 1.4142136 9.25)
(-1.767767 1.767767 9.25)
(-1.5909903 1.5909903 9.5)
(-1.5909903 1.5909903 9.25)
(-3.3587572 3.3587572 0.5)
(-3.1819805 3.1819805 0.25)
(-3.3587572 3.3587572 0.25)
(-1.5909903 1.5909903 5.5)
(-1.4142136 1.4142136 5.25)
(-1.5909903 1.5909903 5)
(-1.767767 1.767767 5.25)
(-1.5909903 1.5909903 5.25)
(-1.4142136 1.4142136 4.75)
(-1.767767 1.767767 4.75)
(-1.5909903 1.5909903 4.75)
(-1.4142136 1.4142136 10.25)
(-1.5909903 1.5909903 10)
(-1.767767 1.767767 10.25)
(-1.5909903 1.5909903 10.5)
(-1.5909903 1.5909903 10.25)
(-1.5909903 1.5909903 11)
(-1.4142136 1.4142136 10.75)
(-1.767767 1.767767 10.75)
(-1.5909903 1.5909903 10.75)
(-1.5909903 1.5909903 13)
(-1.4142136 1.4142136 12.75)
(-1.5909903 1.5909903 12.5)
(-1.767767 1.767767 12.75)
(-1.5909903 1.5909903 12.75)
(-1.9445436 1.9445436 8)
(-1.767767 1.767767 7.75)
(-1.9445436 1.9445436 7.5)
(-1.9445436 1.9445436 7.75)
(-1.4142136 1.4142136 9.75)
(-1.767767 1.767767 9.75)
(-1.5909903 1.5909903 9.75)
(-1.4142136 1.4142136 11.25)
(-1.5909903 1.5909903 11.5)
(-1.5909903 1.5909903 11.25)
(-1.9445436 1.9445436 3)
(-2.1213203 2.1213203 3.25)
(-1.9445436 1.9445436 3.5)
(-1.9445436 1.9445436 3.25)
(-1.9445436 1.9445436 5.5)
(-2.1213203 2.1213203 5.75)
(-1.9445436 1.9445436 6)
(-1.767767 1.767767 5.75)
(-1.9445436 1.9445436 5.75)
(-2.1213203 2.1213203 6.25)
(-1.9445436 1.9445436 6.25)
(-2.4748737 2.4748737 14.75)
(-2.8284271 2.8284271 14.75)
(-2.6516504 2.6516504 14.75)
(-1.9445436 1.9445436 10)
(-1.9445436 1.9445436 9.5)
(-1.9445436 1.9445436 9.75)
(-1.9445436 1.9445436 10.5)
(-1.9445436 1.9445436 10.25)
(-1.9445436 1.9445436 10.75)
(-1.9445436 1.9445436 9.25)
(-3.3587572 3.3587572 2.5)
(-3.3587572 3.3587572 2)
(-3.3587572 3.3587572 2.25)
(-3.3587572 3.3587572 4)
(-3.3587572 3.3587572 4.5)
(-3.3587572 3.3587572 4.25)
(-3.3587572 3.3587572 4.75)
(-1.767767 1.767767 11.75)
(-1.9445436 1.9445436 11.75)
(-1.9445436 1.9445436 5)
(-1.9445436 1.9445436 5.25)
(-3.3587572 3.3587572 3.5)
(-3.3587572 3.3587572 3.75)
(-3.3587572 3.3587572 3)
(-3.3587572 3.3587572 3.25)
(-1.9445436 1.9445436 4.5)
(-2.1213203 2.1213203 4.75)
(-1.9445436 1.9445436 4.75)
(-1.767767 1.767767 7.25)
(-1.9445436 1.9445436 7.25)
(-3.3587572 3.3587572 14)
(-3.3587572 3.3587572 13.75)
(-3.3587572 3.3587572 2.75)
(-1.9445436 1.9445436 8.25)
(-2.1213203 2.1213203 3.75)
(-1.9445436 1.9445436 4)
(-1.9445436 1.9445436 3.75)
(-3.3587572 3.3587572 1.5)
(-3.3587572 3.3587572 1.75)
(-2.1213203 2.1213203 4.25)
(-1.9445436 1.9445436 4.25)
(-3.3587572 3.3587572 1)
(-3.3587572 3.3587572 0.75)
(-3.3587572 3.3587572 1.25)
(-0.1767767 0.1767767 7)
(-0.1767767 0.1767767 6.5)
(-0.1767767 0.1767767 6.75)
(-2.298097 2.298097 12.5)
(-2.298097 2.298097 13)
(-2.1213203 2.1213203 12.75)
(-2.298097 2.298097 12.75)
(-0.1767767 0.1767767 7.5)
(-0.1767767 0.1767767 8)
(-0.1767767 0.1767767 7.75)
(-0.1767767 0.1767767 8.5)
(-0.1767767 0.1767767 8.25)
(-1.2374369 1.2374369 5)
(-1.2374369 1.2374369 5.25)
(-0.1767767 0.1767767 7.25)
(-1.2374369 1.2374369 4.75)
(-1.2374369 1.2374369 10)
(-1.2374369 1.2374369 10.5)
(-1.2374369 1.2374369 10.25)
(-0.1767767 0.1767767 6)
(-0.1767767 0.1767767 6.25)
(-1.2374369 1.2374369 12)
(-1.2374369 1.2374369 11.5)
(-1.4142136 1.4142136 11.75)
(-1.2374369 1.2374369 11.75)
(-1.2374369 1.2374369 11)
(-1.2374369 1.2374369 10.75)
(-0.1767767 0.1767767 5.5)
(-0.1767767 0.1767767 5.75)
(-1.767767 1.767767 13.25)
(-1.5909903 1.5909903 13.25)
(-2.1213203 2.1213203 13.25)
(-1.9445436 1.9445436 13)
(-1.9445436 1.9445436 13.25)
(-0.1767767 0.1767767 4.5)
(-0.1767767 0.1767767 5)
(-0.1767767 0.1767767 4.75)
(-0.1767767 0.1767767 5.25)
(-3.3587572 3.3587572 14.5)
(-3.3587572 3.3587572 14.25)
(-0.1767767 0.1767767 4)
(-0.1767767 0.1767767 4.25)
(-0.1767767 0.1767767 11.5)
(-0.1767767 0.1767767 11)
(-0.1767767 0.1767767 11.25)
(-1.2374369 1.2374369 3.5)
(-1.2374369 1.2374369 3.75)
(-0.1767767 0.1767767 12)
(-0.1767767 0.1767767 12.5)
(-0.1767767 0.1767767 12.25)
(-0.1767767 0.1767767 12.75)
(-2.298097 2.298097 13.25)
(-0.1767767 0.1767767 11.75)
(-1.9445436 1.9445436 2)
(-1.767767 1.767767 1.75)
(-1.9445436 1.9445436 1.75)
(-2.298097 2.298097 2.5)
(-2.1213203 2.1213203 2.25)
(-2.298097 2.298097 2.25)
(-0.1767767 0.1767767 10.5)
(-0.1767767 0.1767767 10.75)
(-2.298097 2.298097 6)
(-2.298097 2.298097 5.75)
(-2.298097 2.298097 3)
(-2.1213203 2.1213203 2.75)
(-2.298097 2.298097 2.75)
(-0.1767767 0.1767767 10)
(-0.1767767 0.1767767 10.25)
(-1.4142136 1.4142136 1.75)
(-1.2374369 1.2374369 1.75)
(-1.5909903 1.5909903 1.75)
(-0.1767767 0.1767767 9)
(-0.1767767 0.1767767 9.5)
(-0.1767767 0.1767767 9.25)
(-0.1767767 0.1767767 9.75)
(-1.2374369 1.2374369 11.25)
(-0.1767767 0.1767767 8.75)
(-1.767767 1.767767 0.25)
(-2.1213203 2.1213203 0.25)
(-1.9445436 1.9445436 0.25)
(-1.4142136 1.4142136 12.25)
(-1.5909903 1.5909903 12)
(-1.5909903 1.5909903 12.25)
(-0.70710678 0.70710678 0.25)
(-1.0606602 1.0606602 0.25)
(-0.88388348 0.88388348 0.25)
(-1.5909903 1.5909903 11.75)
(-1.4142136 1.4142136 0.25)
(-1.2374369 1.2374369 0.25)
(-1.5909903 1.5909903 0.25)
(-1.9445436 1.9445436 2.5)
(-1.767767 1.767767 2.75)
(-1.9445436 1.9445436 2.75)
(-1.5909903 1.5909903 2.75)
(-2.4748737 2.4748737 0.25)
(-2.298097 2.298097 0.25)
(-2.298097 2.298097 12.25)
(-2.298097 2.298097 4)
(-2.298097 2.298097 4.5)
(-2.298097 2.298097 4.25)
(-1.9445436 1.9445436 2.25)
(-2.8284271 2.8284271 0.25)
(-2.6516504 2.6516504 0.25)
(-1.5909903 1.5909903 7.5)
(-1.5909903 1.5909903 7.75)
(-3.0052038 3.0052038 0.25)
(-2.298097 2.298097 4.75)
(-2.298097 2.298097 8.75)
(-0.1767767 0.1767767 3)
(-0.1767767 0.1767767 3.5)
(-0.1767767 0.1767767 3.25)
(-0.1767767 0.1767767 3.75)
(-1.2374369 1.2374369 3.25)
(-0.1767767 0.1767767 2.5)
(-0.1767767 0.1767767 2.75)
(-1.2374369 1.2374369 9.5)
(-1.2374369 1.2374369 9.75)
(-1.2374369 1.2374369 9.25)
(-0.1767767 0.1767767 1.5)
(-0.1767767 0.1767767 2)
(-0.1767767 0.1767767 1.75)
(-0.1767767 0.1767767 2.25)
(-1.5909903 1.5909903 7.25)
(-1.2374369 1.2374369 12.5)
(-1.2374369 1.2374369 12.25)
(-0.1767767 0.1767767 1)
(-0.1767767 0.1767767 1.25)
(-1.2374369 1.2374369 12.75)
(-2.298097 2.298097 3.5)
(-2.298097 2.298097 3.25)
(-2.298097 2.298097 3.75)
(-2.298097 2.298097 6.25)
(-1.9445436 1.9445436 12.75)
(-1.5909903 1.5909903 5.75)
(-1.767767 1.767767 14.75)
(-1.4142136 1.4142136 14.75)
(-1.5909903 1.5909903 14.75)
(-0.35355339 0.35355339 14.75)
(-0.1767767 0.1767767 14.75)
(-1.0606602 1.0606602 14.75)
(-1.2374369 1.2374369 14.75)
(-3.1819805 3.1819805 14.75)
(-3.3587572 3.3587572 14.75)
(-3.0052038 3.0052038 14.75)
(-2.1213203 2.1213203 14.75)
(-1.9445436 1.9445436 14.75)
(-2.298097 2.298097 14.75)
(-0.70710678 0.70710678 14.75)
(-0.53033009 0.53033009 14.75)
(-0.88388348 0.88388348 14.75)
(-0.1767767 0.1767767 0.5)
(-0.35355339 0.35355339 0.75)
(-0.1767767 0.1767767 0.75)
(-0.53033009 0.53033009 0.5)
(-0.35355339 0.35355339 0.25)
(-0.53033009 0.53033009 0.25)
(-0.53033009 0.53033009 0.75)
(-0.1767767 0.1767767 0.25)
(-3.8020298 3.2472402 15)
(-3.6119283 3.0848782 15)
(-3.4218268 2.9225162 15)
(-3.2317254 2.7601542 15)
(-3.0416239 2.5977922 15)
(-2.8515224 2.4354302 15)
(-2.6614209 2.2730682 15)
(-2.4713194 2.1107062 15)
(-2.2812179 1.9483441 15)
(-2.0911164 1.7859821 15)
(-1.9010149 1.6236201 15)
(-1.7109134 1.4612581 15)
(-1.5208119 1.2988961 15)
(-1.3307104 1.1365341 15)
(-1.1406089 0.97417207 15)
(-0.95050746 0.81181006 15)
(-0.76040597 0.64944805 15)
(-0.57030447 0.48708604 15)
(-0.38020298 0.32472402 15)
(-0.19010149 0.16236201 15)
(-3.8020298 3.2472402 0)
(-3.8020298 3.2472402 0.25)
(-3.8020298 3.2472402 0.5)
(-3.8020298 3.2472402 0.75)
(-3.8020298 3.2472402 1)
(-3.8020298 3.2472402 1.25)
(-3.8020298 3.2472402 1.5)
(-3.8020298 3.2472402 1.75)
(-3.8020298 3.2472402 2)
(-3.8020298 3.2472402 2.25)
(-3.8020298 3.2472402 2.5)
(-3.8020298 3.2472402 2.75)
(-3.8020298 3.2472402 3)
(-3.8020298 3.2472402 3.25)
(-3.8020298 3.2472402 3.5)
(-3.8020298 3.2472402 3.75)
(-3.8020298 3.2472402 4)
(-3.8020298 3.2472402 4.25)
(-3.8020298 3.2472402 4.5)
(-3.8020298 3.2472402 4.75)
(-3.8020298 3.2472402 5)
(-3.8020298 3.2472402 5.25)
(-3.8020298 3.2472402 5.5)
(-3.8020298 3.2472402 5.75)
(-3.8020298 3.2472402 6)
(-3.8020298 3.2472402 6.25)
(-3.8020298 3.2472402 6.5)
(-3.8020298 3.2472402 6.75)
(-3.8020298 3.2472402 7)
(-3.8020298 3.2472402 7.25)
(-3.8020298 3.2472402 7.5)
(-3.8020298 3.2472402 7.75)
(-3.8020298 3.2472402 8)
(-3.8020298 3.2472402 8.25)
(-3.8020298 3.2472402 8.5)
(-3.8020298 3.2472402 8.75)
(-3.8020298 3.2472402 9)
(-3.8020298 3.2472402 9.25)
(-3.8020298 3.2472402 9.5)
(-3.8020298 3.2472402 9.75)
(-3.8020298 3.2472402 10)
(-3.8020298 3.2472402 10.25)
(-3.8020298 3.2472402 10.5)
(-3.8020298 3.2472402 10.75)
(-3.8020298 3.2472402 11)
(-3.8020298 3.2472402 11.25)
(-3.8020298 3.2472402 11.5)
(-3.8020298 3.2472402 11.75)
(-3.8020298 3.2472402 12)
(-3.8020298 3.2472402 12.25)
(-3.8020298 3.2472402 12.5)
(-3.8020298 3.2472402 12.75)
(-3.8020298 3.2472402 13)
(-3.8020298 3.2472402 13.25)
(-3.8020298 3.2472402 13.5)
(-3.8020298 3.2472402 13.75)
(-3.8020298 3.2472402 14)
(-3.8020298 3.2472402 14.25)
(-3.8020298 3.2472402 14.5)
(-3.8020298 3.2472402 14.75)
(-3.6119283 3.0848782 0)
(-3.4218268 2.9225162 0)
(-3.2317254 2.7601542 0)
(-3.0416239 2.5977922 0)
(-2.8515224 2.4354302 0)
(-2.6614209 2.2730682 0)
(-2.4713194 2.1107062 0)
(-2.2812179 1.9483441 0)
(-2.0911164 1.7859821 0)
(-1.9010149 1.6236201 0)
(-1.7109134 1.4612581 0)
(-1.5208119 1.2988961 0)
(-1.3307104 1.1365341 0)
(-1.1406089 0.97417207 0)
(-0.95050746 0.81181006 0)
(-0.76040597 0.64944805 0)
(-0.57030447 0.48708604 0)
(-0.38020298 0.32472402 0)
(-0.19010149 0.16236201 0)
(-0.76040597 0.64944805 6.5)
(-0.76040597 0.64944805 6.25)
(-0.95050746 0.81181006 6.25)
(-0.95050746 0.81181006 6.5)
(-0.76040597 0.64944805 6)
(-0.95050746 0.81181006 6)
(-1.1406089 0.97417207 6)
(-1.1406089 0.97417207 6.25)
(-1.1406089 0.97417207 6.5)
(-1.1406089 0.97417207 7.5)
(-1.1406089 0.97417207 7.75)
(-0.95050746 0.81181006 7.75)
(-0.95050746 0.81181006 7.5)
(-1.1406089 0.97417207 8)
(-0.95050746 0.81181006 8)
(-0.76040597 0.64944805 8)
(-0.76040597 0.64944805 7.75)
(-0.76040597 0.64944805 7.5)
(-1.1406089 0.97417207 4)
(-0.95050746 0.81181006 4)
(-0.95050746 0.81181006 3.75)
(-1.1406089 0.97417207 3.75)
(-0.76040597 0.64944805 4)
(-0.76040597 0.64944805 3.75)
(-0.76040597 0.64944805 3.5)
(-0.95050746 0.81181006 3.5)
(-1.1406089 0.97417207 3.5)
(-0.76040597 0.64944805 3.25)
(-0.95050746 0.81181006 3.25)
(-0.76040597 0.64944805 3)
(-0.95050746 0.81181006 3)
(-1.1406089 0.97417207 3)
(-1.1406089 0.97417207 3.25)
(-1.1406089 0.97417207 10)
(-0.95050746 0.81181006 10)
(-0.95050746 0.81181006 9.75)
(-1.1406089 0.97417207 9.75)
(-0.76040597 0.64944805 10)
(-0.76040597 0.64944805 9.75)
(-0.76040597 0.64944805 9.5)
(-0.95050746 0.81181006 9.5)
(-1.1406089 0.97417207 9.5)
(-0.76040597 0.64944805 9.25)
(-0.95050746 0.81181006 9.25)
(-0.76040597 0.64944805 9)
(-0.95050746 0.81181006 9)
(-1.1406089 0.97417207 9)
(-1.1406089 0.97417207 9.25)
(-1.9010149 1.6236201 14.5)
(-1.7109134 1.4612581 14.5)
(-1.7109134 1.4612581 14.25)
(-1.9010149 1.6236201 14.25)
(-1.5208119 1.2988961 14.5)
(-1.5208119 1.2988961 14.25)
(-1.5208119 1.2988961 14)
(-1.7109134 1.4612581 14)
(-1.9010149 1.6236201 14)
(-0.76040597 0.64944805 12.5)
(-0.76040597 0.64944805 12.25)
(-0.95050746 0.81181006 12.25)
(-0.95050746 0.81181006 12.5)
(-0.76040597 0.64944805 12)
(-0.95050746 0.81181006 12)
(-1.1406089 0.97417207 12)
(-1.1406089 0.97417207 12.25)
(-1.1406089 0.97417207 12.5)
(-1.1406089 0.97417207 13)
(-0.95050746 0.81181006 13)
(-0.95050746 0.81181006 12.75)
(-1.1406089 0.97417207 12.75)
(-0.76040597 0.64944805 13)
(-0.76040597 0.64944805 12.75)
(-1.1406089 0.97417207 7)
(-0.95050746 0.81181006 7)
(-0.95050746 0.81181006 6.75)
(-1.1406089 0.97417207 6.75)
(-0.76040597 0.64944805 7)
(-0.76040597 0.64944805 6.75)
(-1.1406089 0.97417207 8.5)
(-0.95050746 0.81181006 8.5)
(-0.95050746 0.81181006 8.25)
(-1.1406089 0.97417207 8.25)
(-0.76040597 0.64944805 8.5)
(-0.76040597 0.64944805 8.25)
(-1.5208119 1.2988961 7.5)
(-1.3307104 1.1365341 7.5)
(-1.3307104 1.1365341 7.25)
(-1.5208119 1.2988961 7.25)
(-1.1406089 0.97417207 7.25)
(-1.3307104 1.1365341 7)
(-1.5208119 1.2988961 7)
(-2.6614209 2.2730682 3)
(-2.8515224 2.4354302 3)
(-2.8515224 2.4354302 3.25)
(-2.6614209 2.2730682 3.25)
(-3.0416239 2.5977922 3)
(-3.0416239 2.5977922 3.25)
(-3.0416239 2.5977922 3.5)
(-2.8515224 2.4354302 3.5)
(-2.6614209 2.2730682 3.5)
(-1.5208119 1.2988961 13.5)
(-1.5208119 1.2988961 13.75)
(-1.3307104 1.1365341 13.75)
(-1.3307104 1.1365341 13.5)
(-1.3307104 1.1365341 14)
(-1.1406089 0.97417207 14)
(-1.1406089 0.97417207 13.75)
(-1.1406089 0.97417207 13.5)
(-1.3307104 1.1365341 13.25)
(-1.5208119 1.2988961 13.25)
(-1.1406089 0.97417207 13.25)
(-1.3307104 1.1365341 13)
(-1.5208119 1.2988961 13)
(-2.2812179 1.9483441 1.5)
(-2.4713194 2.1107062 1.5)
(-2.4713194 2.1107062 1.75)
(-2.2812179 1.9483441 1.75)
(-2.6614209 2.2730682 1.5)
(-2.6614209 2.2730682 1.75)
(-2.6614209 2.2730682 2)
(-2.4713194 2.1107062 2)
(-2.2812179 1.9483441 2)
(-2.2812179 1.9483441 1)
(-2.4713194 2.1107062 1)
(-2.4713194 2.1107062 1.25)
(-2.2812179 1.9483441 1.25)
(-2.6614209 2.2730682 1)
(-2.6614209 2.2730682 1.25)
(-1.1406089 0.97417207 1.5)
(-1.1406089 0.97417207 1.25)
(-1.3307104 1.1365341 1.25)
(-1.3307104 1.1365341 1.5)
(-1.1406089 0.97417207 1)
(-1.3307104 1.1365341 1)
(-1.5208119 1.2988961 1)
(-1.5208119 1.2988961 1.25)
(-1.5208119 1.2988961 1.5)
(-1.7109134 1.4612581 1)
(-1.7109134 1.4612581 1.25)
(-1.9010149 1.6236201 1)
(-1.9010149 1.6236201 1.25)
(-1.9010149 1.6236201 1.5)
(-1.7109134 1.4612581 1.5)
(-2.6614209 2.2730682 2.75)
(-2.8515224 2.4354302 2.75)
(-2.6614209 2.2730682 2.5)
(-2.8515224 2.4354302 2.5)
(-3.0416239 2.5977922 2.5)
(-3.0416239 2.5977922 2.75)
(-1.3307104 1.1365341 14.25)
(-1.3307104 1.1365341 14.5)
(-1.1406089 0.97417207 14.5)
(-1.1406089 0.97417207 14.25)
(-0.76040597 0.64944805 7.25)
(-0.95050746 0.81181006 7.25)
(-0.76040597 0.64944805 8.75)
(-0.95050746 0.81181006 8.75)
(-1.1406089 0.97417207 8.75)
(-0.76040597 0.64944805 10.5)
(-0.76040597 0.64944805 10.25)
(-0.95050746 0.81181006 10.25)
(-0.95050746 0.81181006 10.5)
(-1.1406089 0.97417207 10.25)
(-1.1406089 0.97417207 10.5)
(-3.4218268 2.9225162 14)
(-3.4218268 2.9225162 14.25)
(-3.2317254 2.7601542 14.25)
(-3.2317254 2.7601542 14)
(-3.4218268 2.9225162 14.5)
(-3.2317254 2.7601542 14.5)
(-3.0416239 2.5977922 14.5)
(-3.0416239 2.5977922 14.25)
(-3.0416239 2.5977922 14)
(-1.1406089 0.97417207 11)
(-0.95050746 0.81181006 11)
(-0.95050746 0.81181006 10.75)
(-1.1406089 0.97417207 10.75)
(-0.76040597 0.64944805 11)
(-0.76040597 0.64944805 10.75)
(-2.8515224 2.4354302 1)
(-2.8515224 2.4354302 1.25)
(-3.0416239 2.5977922 1)
(-3.0416239 2.5977922 1.25)
(-3.0416239 2.5977922 1.5)
(-2.8515224 2.4354302 1.5)
(-3.0416239 2.5977922 1.75)
(-2.8515224 2.4354302 1.75)
(-3.0416239 2.5977922 2)
(-2.8515224 2.4354302 2)
(-1.5208119 1.2988961 8)
(-1.3307104 1.1365341 8)
(-1.3307104 1.1365341 7.75)
(-1.5208119 1.2988961 7.75)
(-2.8515224 2.4354302 2.25)
(-2.6614209 2.2730682 2.25)
(-3.0416239 2.5977922 2.25)
(-1.7109134 1.4612581 13.75)
(-1.9010149 1.6236201 13.75)
(-1.7109134 1.4612581 13.5)
(-1.9010149 1.6236201 13.5)
(-2.2812179 1.9483441 13.5)
(-2.2812179 1.9483441 13.75)
(-2.0911164 1.7859821 13.75)
(-2.0911164 1.7859821 13.5)
(-2.2812179 1.9483441 14)
(-2.0911164 1.7859821 14)
(-3.0416239 2.5977922 13.5)
(-3.0416239 2.5977922 13.75)
(-2.8515224 2.4354302 13.75)
(-2.8515224 2.4354302 13.5)
(-2.8515224 2.4354302 14)
(-2.6614209 2.2730682 14)
(-2.6614209 2.2730682 13.75)
(-2.6614209 2.2730682 13.5)
(-3.0416239 2.5977922 12)
(-3.0416239 2.5977922 12.25)
(-2.8515224 2.4354302 12.25)
(-2.8515224 2.4354302 12)
(-3.0416239 2.5977922 12.5)
(-2.8515224 2.4354302 12.5)
(-2.6614209 2.2730682 12.5)
(-2.6614209 2.2730682 12.25)
(-2.6614209 2.2730682 12)
(-0.76040597 0.64944805 4.5)
(-0.76040597 0.64944805 4.25)
(-0.95050746 0.81181006 4.25)
(-0.95050746 0.81181006 4.5)
(-1.1406089 0.97417207 4.25)
(-1.1406089 0.97417207 4.5)
(-1.1406089 0.97417207 2.5)
(-0.95050746 0.81181006 2.5)
(-0.95050746 0.81181006 2.25)
(-1.1406089 0.97417207 2.25)
(-0.76040597 0.64944805 2.5)
(-0.76040597 0.64944805 2.25)
(-0.76040597 0.64944805 2)
(-0.95050746 0.81181006 2)
(-1.1406089 0.97417207 2)
(-0.76040597 0.64944805 1.75)
(-0.95050746 0.81181006 1.75)
(-0.76040597 0.64944805 1.5)
(-0.95050746 0.81181006 1.5)
(-1.1406089 0.97417207 1.75)
(-2.6614209 2.2730682 5)
(-2.6614209 2.2730682 5.25)
(-2.4713194 2.1107062 5.25)
(-2.4713194 2.1107062 5)
(-2.6614209 2.2730682 5.5)
(-2.4713194 2.1107062 5.5)
(-2.2812179 1.9483441 5.5)
(-2.2812179 1.9483441 5.25)
(-2.2812179 1.9483441 5)
(-3.4218268 2.9225162 7)
(-3.4218268 2.9225162 7.25)
(-3.2317254 2.7601542 7.25)
(-3.2317254 2.7601542 7)
(-3.4218268 2.9225162 7.5)
(-3.2317254 2.7601542 7.5)
(-3.0416239 2.5977922 7.5)
(-3.0416239 2.5977922 7.25)
(-3.0416239 2.5977922 7)
(-3.0416239 2.5977922 6.5)
(-3.2317254 2.7601542 6.5)
(-3.2317254 2.7601542 6.75)
(-3.0416239 2.5977922 6.75)
(-3.4218268 2.9225162 6.5)
(-3.4218268 2.9225162 6.75)
(-3.0416239 2.5977922 11.5)
(-3.0416239 2.5977922 11.75)
(-2.8515224 2.4354302 11.75)
(-2.8515224 2.4354302 11.5)
(-2.6614209 2.2730682 11.75)
(-2.6614209 2.2730682 11.5)
(-1.3307104 1.1365341 4.25)
(-1.3307104 1.1365341 4.5)
(-1.3307104 1.1365341 4)
(-1.5208119 1.2988961 4)
(-1.5208119 1.2988961 4.25)
(-1.5208119 1.2988961 4.5)
(-1.1406089 0.97417207 2.75)
(-1.3307104 1.1365341 2.75)
(-1.3307104 1.1365341 3)
(-1.3307104 1.1365341 2.5)
(-1.5208119 1.2988961 2.5)
(-1.5208119 1.2988961 2.75)
(-1.5208119 1.2988961 3)
(-1.3307104 1.1365341 8.75)
(-1.3307104 1.1365341 9)
(-1.3307104 1.1365341 8.5)
(-1.5208119 1.2988961 8.5)
(-1.5208119 1.2988961 8.75)
(-1.5208119 1.2988961 9)
(-1.1406089 0.97417207 5.75)
(-1.3307104 1.1365341 5.75)
(-1.3307104 1.1365341 6)
(-1.1406089 0.97417207 5.5)
(-1.3307104 1.1365341 5.5)
(-1.5208119 1.2988961 5.5)
(-1.5208119 1.2988961 5.75)
(-1.5208119 1.2988961 6)
(-1.5208119 1.2988961 6.5)
(-1.3307104 1.1365341 6.5)
(-1.3307104 1.1365341 6.25)
(-1.5208119 1.2988961 6.25)
(-2.6614209 2.2730682 11)
(-2.8515224 2.4354302 11)
(-2.8515224 2.4354302 11.25)
(-2.6614209 2.2730682 11.25)
(-3.0416239 2.5977922 11)
(-3.0416239 2.5977922 11.25)
(-1.3307104 1.1365341 6.75)
(-1.5208119 1.2988961 6.75)
(-2.2812179 1.9483441 6.5)
(-2.4713194 2.1107062 6.5)
(-2.4713194 2.1107062 6.75)
(-2.2812179 1.9483441 6.75)
(-2.6614209 2.2730682 6.5)
(-2.6614209 2.2730682 6.75)
(-2.6614209 2.2730682 7)
(-2.4713194 2.1107062 7)
(-2.2812179 1.9483441 7)
(-1.3307104 1.1365341 2.25)
(-1.5208119 1.2988961 2.25)
(-1.3307104 1.1365341 2)
(-1.5208119 1.2988961 2)
(-1.7109134 1.4612581 2.25)
(-1.7109134 1.4612581 2.5)
(-1.7109134 1.4612581 2)
(-1.9010149 1.6236201 2)
(-1.9010149 1.6236201 2.25)
(-1.9010149 1.6236201 2.5)
(-0.19010149 0.16236201 13.75)
(-0.19010149 0.16236201 14)
(-0.19010149 0.16236201 13.5)
(-0.38020298 0.32472402 13.5)
(-0.38020298 0.32472402 13.75)
(-0.38020298 0.32472402 14)
(-0.38020298 0.32472402 14.5)
(-0.19010149 0.16236201 14.5)
(-0.19010149 0.16236201 14.25)
(-0.38020298 0.32472402 14.25)
(-1.3307104 1.1365341 8.25)
(-1.5208119 1.2988961 8.25)
(-0.19010149 0.16236201 13.25)
(-0.19010149 0.16236201 13)
(-0.38020298 0.32472402 13)
(-0.38020298 0.32472402 13.25)
(-3.0416239 2.5977922 5.5)
(-3.0416239 2.5977922 5.75)
(-2.8515224 2.4354302 5.75)
(-2.8515224 2.4354302 5.5)
(-3.0416239 2.5977922 6)
(-2.8515224 2.4354302 6)
(-2.6614209 2.2730682 6)
(-2.6614209 2.2730682 5.75)
(-0.95050746 0.81181006 5.75)
(-0.76040597 0.64944805 5.75)
(-0.76040597 0.64944805 5.5)
(-0.95050746 0.81181006 5.5)
(-2.4713194 2.1107062 13.75)
(-2.4713194 2.1107062 13.5)
(-2.4713194 2.1107062 14)
(-0.57030447 0.48708604 6)
(-0.57030447 0.48708604 5.75)
(-0.38020298 0.32472402 6)
(-0.38020298 0.32472402 5.75)
(-0.38020298 0.32472402 5.5)
(-0.57030447 0.48708604 5.5)
(-0.38020298 0.32472402 5.25)
(-0.57030447 0.48708604 5.25)
(-0.38020298 0.32472402 5)
(-0.57030447 0.48708604 5)
(-0.76040597 0.64944805 5)
(-0.76040597 0.64944805 5.25)
(-3.0416239 2.5977922 3.75)
(-2.8515224 2.4354302 3.75)
(-3.0416239 2.5977922 4)
(-2.8515224 2.4354302 4)
(-2.6614209 2.2730682 4)
(-2.6614209 2.2730682 3.75)
(-3.0416239 2.5977922 4.5)
(-3.0416239 2.5977922 4.75)
(-2.8515224 2.4354302 4.75)
(-2.8515224 2.4354302 4.5)
(-3.0416239 2.5977922 5)
(-2.8515224 2.4354302 5)
(-2.6614209 2.2730682 4.75)
(-2.6614209 2.2730682 4.5)
(-2.8515224 2.4354302 4.25)
(-2.6614209 2.2730682 4.25)
(-3.0416239 2.5977922 4.25)
(-2.8515224 2.4354302 5.25)
(-3.0416239 2.5977922 5.25)
(-0.95050746 0.81181006 14.5)
(-0.95050746 0.81181006 14.25)
(-0.76040597 0.64944805 14.5)
(-0.76040597 0.64944805 14.25)
(-0.76040597 0.64944805 14)
(-0.95050746 0.81181006 14)
(-2.8515224 2.4354302 6.25)
(-2.6614209 2.2730682 6.25)
(-3.0416239 2.5977922 6.25)
(-2.8515224 2.4354302 6.5)
(-3.0416239 2.5977922 7.75)
(-2.8515224 2.4354302 7.75)
(-2.8515224 2.4354302 7.5)
(-3.0416239 2.5977922 8)
(-2.8515224 2.4354302 8)
(-2.6614209 2.2730682 8)
(-2.6614209 2.2730682 7.75)
(-2.6614209 2.2730682 7.5)
(-3.0416239 2.5977922 8.5)
(-3.0416239 2.5977922 8.75)
(-2.8515224 2.4354302 8.75)
(-2.8515224 2.4354302 8.5)
(-3.0416239 2.5977922 9)
(-2.8515224 2.4354302 9)
(-2.6614209 2.2730682 9)
(-2.6614209 2.2730682 8.75)
(-2.6614209 2.2730682 8.5)
(-2.8515224 2.4354302 8.25)
(-2.6614209 2.2730682 8.25)
(-3.0416239 2.5977922 8.25)
(-2.8515224 2.4354302 9.25)
(-2.6614209 2.2730682 9.25)
(-3.0416239 2.5977922 9.25)
(-3.0416239 2.5977922 9.5)
(-2.8515224 2.4354302 9.5)
(-2.6614209 2.2730682 9.5)
(-3.0416239 2.5977922 9.75)
(-2.8515224 2.4354302 9.75)
(-3.0416239 2.5977922 10)
(-2.8515224 2.4354302 10)
(-2.6614209 2.2730682 10)
(-2.6614209 2.2730682 9.75)
(-3.0416239 2.5977922 10.5)
(-3.0416239 2.5977922 10.75)
(-2.8515224 2.4354302 10.75)
(-2.8515224 2.4354302 10.5)
(-2.6614209 2.2730682 10.75)
(-2.6614209 2.2730682 10.5)
(-2.8515224 2.4354302 10.25)
(-2.6614209 2.2730682 10.25)
(-3.0416239 2.5977922 10.25)
(-3.4218268 2.9225162 3.5)
(-3.4218268 2.9225162 3.75)
(-3.2317254 2.7601542 3.75)
(-3.2317254 2.7601542 3.5)
(-3.4218268 2.9225162 4)
(-3.2317254 2.7601542 4)
(-1.9010149 1.6236201 0.75)
(-2.0911164 1.7859821 0.75)
(-2.0911164 1.7859821 1)
(-1.9010149 1.6236201 0.5)
(-2.0911164 1.7859821 0.5)
(-2.2812179 1.9483441 0.5)
(-2.2812179 1.9483441 0.75)
(-2.4713194 2.1107062 0.5)
(-2.4713194 2.1107062 0.75)
(-2.6614209 2.2730682 0.5)
(-2.6614209 2.2730682 0.75)
(-1.5208119 1.2988961 0.5)
(-1.7109134 1.4612581 0.5)
(-1.7109134 1.4612581 0.75)
(-1.5208119 1.2988961 0.75)
(-0.57030447 0.48708604 4.75)
(-0.76040597 0.64944805 4.75)
(-0.38020298 0.32472402 4.75)
(-0.38020298 0.32472402 4.5)
(-0.57030447 0.48708604 4.5)
(-1.3307104 1.1365341 0.75)
(-1.3307104 1.1365341 0.5)
(-1.1406089 0.97417207 0.75)
(-1.1406089 0.97417207 0.5)
(-0.38020298 0.32472402 4.25)
(-0.57030447 0.48708604 4.25)
(-0.38020298 0.32472402 4)
(-0.57030447 0.48708604 4)
(-0.57030447 0.48708604 14.5)
(-0.57030447 0.48708604 14.25)
(-0.57030447 0.48708604 14)
(-3.2317254 2.7601542 2.75)
(-3.2317254 2.7601542 3)
(-3.2317254 2.7601542 2.5)
(-3.4218268 2.9225162 2.5)
(-3.4218268 2.9225162 2.75)
(-3.4218268 2.9225162 3)
(-0.38020298 0.32472402 3)
(-0.38020298 0.32472402 2.75)
(-0.57030447 0.48708604 2.75)
(-0.57030447 0.48708604 3)
(-0.38020298 0.32472402 2.5)
(-0.57030447 0.48708604 2.5)
(-0.76040597 0.64944805 2.75)
(-0.38020298 0.32472402 7.5)
(-0.38020298 0.32472402 7.25)
(-0.57030447 0.48708604 7.25)
(-0.57030447 0.48708604 7.5)
(-0.38020298 0.32472402 7)
(-0.57030447 0.48708604 7)
(-0.38020298 0.32472402 1.5)
(-0.38020298 0.32472402 1.25)
(-0.57030447 0.48708604 1.25)
(-0.57030447 0.48708604 1.5)
(-0.38020298 0.32472402 1)
(-0.57030447 0.48708604 1)
(-0.76040597 0.64944805 1)
(-0.76040597 0.64944805 1.25)
(-3.2317254 2.7601542 3.25)
(-3.4218268 2.9225162 3.25)
(-3.4218268 2.9225162 4.5)
(-3.4218268 2.9225162 4.75)
(-3.2317254 2.7601542 4.75)
(-3.2317254 2.7601542 4.5)
(-3.4218268 2.9225162 5)
(-3.2317254 2.7601542 5)
(-3.2317254 2.7601542 4.25)
(-3.4218268 2.9225162 4.25)
(-3.2317254 2.7601542 5.25)
(-3.4218268 2.9225162 5.25)
(-3.4218268 2.9225162 5.5)
(-3.2317254 2.7601542 5.5)
(-0.76040597 0.64944805 0.75)
(-0.95050746 0.81181006 0.75)
(-0.95050746 0.81181006 1)
(-0.76040597 0.64944805 0.5)
(-0.95050746 0.81181006 0.5)
(-3.4218268 2.9225162 5.75)
(-3.2317254 2.7601542 5.75)
(-3.4218268 2.9225162 6)
(-3.2317254 2.7601542 6)
(-3.2317254 2.7601542 6.25)
(-3.4218268 2.9225162 6.25)
(-0.76040597 0.64944805 11.5)
(-0.76040597 0.64944805 11.25)
(-0.95050746 0.81181006 11.25)
(-0.95050746 0.81181006 11.5)
(-1.1406089 0.97417207 11.25)
(-1.1406089 0.97417207 11.5)
(-0.57030447 0.48708604 2.25)
(-0.38020298 0.32472402 2.25)
(-0.38020298 0.32472402 2)
(-0.57030447 0.48708604 2)
(-0.57030447 0.48708604 6.75)
(-0.38020298 0.32472402 6.75)
(-0.38020298 0.32472402 6.5)
(-0.57030447 0.48708604 6.5)
(-0.57030447 0.48708604 8.5)
(-0.57030447 0.48708604 8.25)
(-0.38020298 0.32472402 8.5)
(-0.38020298 0.32472402 8.25)
(-0.38020298 0.32472402 8)
(-0.57030447 0.48708604 8)
(-0.57030447 0.48708604 3.75)
(-0.38020298 0.32472402 3.75)
(-0.38020298 0.32472402 3.5)
(-0.57030447 0.48708604 3.5)
(-0.57030447 0.48708604 13.25)
(-0.57030447 0.48708604 13.5)
(-0.57030447 0.48708604 13)
(-0.76040597 0.64944805 13.25)
(-0.76040597 0.64944805 13.5)
(-0.57030447 0.48708604 10)
(-0.57030447 0.48708604 9.75)
(-0.38020298 0.32472402 10)
(-0.38020298 0.32472402 9.75)
(-0.38020298 0.32472402 9.5)
(-0.57030447 0.48708604 9.5)
(-0.57030447 0.48708604 11.5)
(-0.57030447 0.48708604 11.25)
(-0.38020298 0.32472402 11.5)
(-0.38020298 0.32472402 11.25)
(-0.38020298 0.32472402 11)
(-0.57030447 0.48708604 11)
(-0.38020298 0.32472402 12)
(-0.38020298 0.32472402 11.75)
(-0.57030447 0.48708604 11.75)
(-0.57030447 0.48708604 12)
(-0.76040597 0.64944805 11.75)
(-3.2317254 2.7601542 7.75)
(-3.2317254 2.7601542 8)
(-3.4218268 2.9225162 7.75)
(-3.4218268 2.9225162 8)
(-0.95050746 0.81181006 11.75)
(-1.1406089 0.97417207 11.75)
(-0.38020298 0.32472402 10.5)
(-0.38020298 0.32472402 10.25)
(-0.57030447 0.48708604 10.25)
(-0.57030447 0.48708604 10.5)
(-3.2317254 2.7601542 2.25)
(-3.4218268 2.9225162 2.25)
(-3.2317254 2.7601542 2)
(-3.4218268 2.9225162 2)
(-0.57030447 0.48708604 12.75)
(-0.38020298 0.32472402 12.75)
(-0.38020298 0.32472402 12.5)
(-0.57030447 0.48708604 12.5)
(-0.38020298 0.32472402 9)
(-0.38020298 0.32472402 8.75)
(-0.57030447 0.48708604 8.75)
(-0.57030447 0.48708604 9)
(-0.57030447 0.48708604 7.75)
(-0.38020298 0.32472402 7.75)
(-2.2812179 1.9483441 14.5)
(-2.0911164 1.7859821 14.5)
(-2.0911164 1.7859821 14.25)
(-2.2812179 1.9483441 14.25)
(-2.6614209 2.2730682 14.25)
(-2.4713194 2.1107062 14.25)
(-2.6614209 2.2730682 14.5)
(-2.4713194 2.1107062 14.5)
(-3.0416239 2.5977922 0.5)
(-3.0416239 2.5977922 0.75)
(-2.8515224 2.4354302 0.75)
(-2.8515224 2.4354302 0.5)
(-3.4218268 2.9225162 1.5)
(-3.4218268 2.9225162 1.75)
(-3.2317254 2.7601542 1.75)
(-3.2317254 2.7601542 1.5)
(-0.38020298 0.32472402 12.25)
(-0.57030447 0.48708604 12.25)
(-0.57030447 0.48708604 13.75)
(-0.76040597 0.64944805 13.75)
(-2.8515224 2.4354302 6.75)
(-2.8515224 2.4354302 7)
(-2.8515224 2.4354302 14.25)
(-2.8515224 2.4354302 14.5)
(-2.8515224 2.4354302 7.25)
(-2.6614209 2.2730682 7.25)
(-3.0416239 2.5977922 13)
(-3.0416239 2.5977922 13.25)
(-2.8515224 2.4354302 13.25)
(-2.8515224 2.4354302 13)
(-2.6614209 2.2730682 13.25)
(-2.6614209 2.2730682 13)
(-2.8515224 2.4354302 12.75)
(-2.6614209 2.2730682 12.75)
(-3.0416239 2.5977922 12.75)
(-0.38020298 0.32472402 10.75)
(-0.57030447 0.48708604 10.75)
(-2.0911164 1.7859821 1.25)
(-2.0911164 1.7859821 1.5)
(-3.2317254 2.7601542 0.5)
(-3.2317254 2.7601542 0.75)
(-3.4218268 2.9225162 0.5)
(-3.4218268 2.9225162 0.75)
(-3.4218268 2.9225162 1)
(-3.2317254 2.7601542 1)
(-0.95050746 0.81181006 4.75)
(-0.95050746 0.81181006 5)
(-1.1406089 0.97417207 4.75)
(-1.1406089 0.97417207 5)
(-0.95050746 0.81181006 5.25)
(-1.1406089 0.97417207 5.25)
(-0.95050746 0.81181006 13.75)
(-0.95050746 0.81181006 13.5)
(-0.95050746 0.81181006 13.25)
(-0.95050746 0.81181006 1.25)
(-0.95050746 0.81181006 2.75)
(-3.4218268 2.9225162 12.5)
(-3.4218268 2.9225162 12.75)
(-3.2317254 2.7601542 12.75)
(-3.2317254 2.7601542 12.5)
(-3.4218268 2.9225162 13)
(-3.2317254 2.7601542 13)
(-3.4218268 2.9225162 8.5)
(-3.4218268 2.9225162 8.75)
(-3.2317254 2.7601542 8.75)
(-3.2317254 2.7601542 8.5)
(-3.4218268 2.9225162 9)
(-3.2317254 2.7601542 9)
(-3.2317254 2.7601542 8.25)
(-3.4218268 2.9225162 8.25)
(-3.2317254 2.7601542 9.25)
(-3.4218268 2.9225162 9.25)
(-3.4218268 2.9225162 9.5)
(-3.2317254 2.7601542 9.5)
(-3.4218268 2.9225162 9.75)
(-3.2317254 2.7601542 9.75)
(-3.4218268 2.9225162 10)
(-3.2317254 2.7601542 10)
(-3.4218268 2.9225162 10.5)
(-3.4218268 2.9225162 10.75)
(-3.2317254 2.7601542 10.75)
(-3.2317254 2.7601542 10.5)
(-3.4218268 2.9225162 11)
(-3.2317254 2.7601542 11)
(-3.2317254 2.7601542 10.25)
(-3.4218268 2.9225162 10.25)
(-3.2317254 2.7601542 11.25)
(-3.4218268 2.9225162 11.25)
(-3.4218268 2.9225162 11.5)
(-3.2317254 2.7601542 11.5)
(-3.4218268 2.9225162 11.75)
(-3.2317254 2.7601542 11.75)
(-3.4218268 2.9225162 12)
(-3.2317254 2.7601542 12)
(-1.7109134 1.4612581 8.25)
(-1.7109134 1.4612581 8.5)
(-1.7109134 1.4612581 8)
(-1.9010149 1.6236201 8)
(-1.9010149 1.6236201 8.25)
(-1.9010149 1.6236201 8.5)
(-3.2317254 2.7601542 12.25)
(-3.4218268 2.9225162 12.25)
(-3.4218268 2.9225162 13.5)
(-3.4218268 2.9225162 13.75)
(-3.2317254 2.7601542 13.75)
(-3.2317254 2.7601542 13.5)
(-3.2317254 2.7601542 13.25)
(-3.4218268 2.9225162 13.25)
(-0.38020298 0.32472402 1.75)
(-0.57030447 0.48708604 1.75)
(-0.38020298 0.32472402 3.25)
(-0.57030447 0.48708604 3.25)
(-0.38020298 0.32472402 6.25)
(-0.57030447 0.48708604 6.25)
(-0.38020298 0.32472402 9.25)
(-0.57030447 0.48708604 9.25)
(-3.2317254 2.7601542 1.25)
(-3.4218268 2.9225162 1.25)
(-1.9010149 1.6236201 6.5)
(-1.7109134 1.4612581 6.5)
(-1.7109134 1.4612581 6.25)
(-1.9010149 1.6236201 6.25)
(-1.7109134 1.4612581 6)
(-1.9010149 1.6236201 6)
(-1.9010149 1.6236201 4)
(-1.7109134 1.4612581 4)
(-1.7109134 1.4612581 3.75)
(-1.9010149 1.6236201 3.75)
(-1.5208119 1.2988961 3.75)
(-1.5208119 1.2988961 3.5)
(-1.7109134 1.4612581 3.5)
(-1.9010149 1.6236201 3.5)
(-1.5208119 1.2988961 3.25)
(-1.7109134 1.4612581 3.25)
(-1.7109134 1.4612581 3)
(-1.9010149 1.6236201 3)
(-1.9010149 1.6236201 3.25)
(-3.6119283 3.0848782 8)
(-3.6119283 3.0848782 8.25)
(-3.6119283 3.0848782 8.5)
(-3.6119283 3.0848782 8.75)
(-3.6119283 3.0848782 9)
(-2.4713194 2.1107062 7.25)
(-2.2812179 1.9483441 7.25)
(-2.4713194 2.1107062 7.5)
(-2.2812179 1.9483441 7.5)
(-2.4713194 2.1107062 7.75)
(-2.4713194 2.1107062 8)
(-2.2812179 1.9483441 8)
(-2.2812179 1.9483441 7.75)
(-3.6119283 3.0848782 7.75)
(-3.6119283 3.0848782 7.5)
(-3.6119283 3.0848782 7.25)
(-3.6119283 3.0848782 7)
(-3.6119283 3.0848782 9.25)
(-3.6119283 3.0848782 9.5)
(-1.9010149 1.6236201 7)
(-1.7109134 1.4612581 7)
(-1.7109134 1.4612581 6.75)
(-1.9010149 1.6236201 6.75)
(-3.6119283 3.0848782 6)
(-3.6119283 3.0848782 6.25)
(-3.6119283 3.0848782 6.5)
(-3.6119283 3.0848782 6.75)
(-2.0911164 1.7859821 6.75)
(-2.0911164 1.7859821 6.5)
(-2.0911164 1.7859821 7)
(-2.0911164 1.7859821 8.5)
(-2.0911164 1.7859821 8.75)
(-1.9010149 1.6236201 8.75)
(-2.2812179 1.9483441 8.5)
(-2.2812179 1.9483441 8.75)
(-2.2812179 1.9483441 9)
(-2.0911164 1.7859821 9)
(-1.9010149 1.6236201 9)
(-3.6119283 3.0848782 5.75)
(-3.6119283 3.0848782 5.5)
(-3.6119283 3.0848782 5)
(-3.6119283 3.0848782 5.25)
(-1.9010149 1.6236201 11.5)
(-1.9010149 1.6236201 11.25)
(-2.0911164 1.7859821 11.25)
(-2.0911164 1.7859821 11.5)
(-1.9010149 1.6236201 11)
(-2.0911164 1.7859821 11)
(-2.2812179 1.9483441 11)
(-2.2812179 1.9483441 11.25)
(-2.2812179 1.9483441 11.5)
(-3.6119283 3.0848782 11.75)
(-3.6119283 3.0848782 11.5)
(-3.6119283 3.0848782 12)
(-2.4713194 2.1107062 8.25)
(-2.2812179 1.9483441 8.25)
(-2.4713194 2.1107062 8.5)
(-3.6119283 3.0848782 13)
(-3.6119283 3.0848782 13.25)
(-3.6119283 3.0848782 13.5)
(-2.4713194 2.1107062 9)
(-2.4713194 2.1107062 9.25)
(-2.2812179 1.9483441 9.25)
(-2.4713194 2.1107062 9.5)
(-2.2812179 1.9483441 9.5)
(-2.4713194 2.1107062 9.75)
(-2.4713194 2.1107062 10)
(-2.2812179 1.9483441 10)
(-2.2812179 1.9483441 9.75)
(-3.6119283 3.0848782 12.25)
(-3.6119283 3.0848782 12.5)
(-3.6119283 3.0848782 12.75)
(-2.4713194 2.1107062 10.75)
(-2.4713194 2.1107062 10.5)
(-2.4713194 2.1107062 11)
(-2.2812179 1.9483441 10.75)
(-2.2812179 1.9483441 10.5)
(-2.4713194 2.1107062 10.25)
(-2.2812179 1.9483441 10.25)
(-2.2812179 1.9483441 12)
(-2.2812179 1.9483441 12.25)
(-2.0911164 1.7859821 12.25)
(-2.0911164 1.7859821 12)
(-2.2812179 1.9483441 12.5)
(-2.0911164 1.7859821 12.5)
(-1.9010149 1.6236201 12.5)
(-1.9010149 1.6236201 12.25)
(-1.9010149 1.6236201 12)
(-3.6119283 3.0848782 11)
(-3.6119283 3.0848782 11.25)
(-2.4713194 2.1107062 11.25)
(-2.4713194 2.1107062 11.5)
(-2.4713194 2.1107062 11.75)
(-2.4713194 2.1107062 12)
(-2.2812179 1.9483441 11.75)
(-3.6119283 3.0848782 10)
(-3.6119283 3.0848782 10.25)
(-3.6119283 3.0848782 10.5)
(-3.6119283 3.0848782 10.75)
(-1.7109134 1.4612581 4.25)
(-1.7109134 1.4612581 4.5)
(-1.9010149 1.6236201 4.25)
(-1.9010149 1.6236201 4.5)
(-1.7109134 1.4612581 8.75)
(-1.7109134 1.4612581 9)
(-3.6119283 3.0848782 9.75)
(-1.5208119 1.2988961 9.5)
(-1.5208119 1.2988961 9.25)
(-1.7109134 1.4612581 9.25)
(-1.7109134 1.4612581 9.5)
(-1.9010149 1.6236201 9.25)
(-1.9010149 1.6236201 9.5)
(-3.6119283 3.0848782 0.25)
(-3.4218268 2.9225162 0.25)
(-3.6119283 3.0848782 0.5)
(-1.9010149 1.6236201 5.5)
(-1.7109134 1.4612581 5.5)
(-1.7109134 1.4612581 5.25)
(-1.9010149 1.6236201 5.25)
(-1.5208119 1.2988961 5.25)
(-1.5208119 1.2988961 5)
(-1.7109134 1.4612581 5)
(-1.9010149 1.6236201 5)
(-1.5208119 1.2988961 4.75)
(-1.7109134 1.4612581 4.75)
(-1.9010149 1.6236201 4.75)
(-1.5208119 1.2988961 10.5)
(-1.5208119 1.2988961 10.25)
(-1.7109134 1.4612581 10.25)
(-1.7109134 1.4612581 10.5)
(-1.5208119 1.2988961 10)
(-1.7109134 1.4612581 10)
(-1.9010149 1.6236201 10)
(-1.9010149 1.6236201 10.25)
(-1.9010149 1.6236201 10.5)
(-1.7109134 1.4612581 11)
(-1.7109134 1.4612581 10.75)
(-1.9010149 1.6236201 10.75)
(-1.5208119 1.2988961 11)
(-1.5208119 1.2988961 10.75)
(-1.9010149 1.6236201 13)
(-1.7109134 1.4612581 13)
(-1.7109134 1.4612581 12.75)
(-1.9010149 1.6236201 12.75)
(-1.5208119 1.2988961 12.75)
(-1.5208119 1.2988961 12.5)
(-1.7109134 1.4612581 12.5)
(-2.0911164 1.7859821 8)
(-2.0911164 1.7859821 7.75)
(-1.9010149 1.6236201 7.75)
(-1.9010149 1.6236201 7.5)
(-2.0911164 1.7859821 7.5)
(-1.7109134 1.4612581 9.75)
(-1.9010149 1.6236201 9.75)
(-1.5208119 1.2988961 9.75)
(-1.5208119 1.2988961 11.5)
(-1.5208119 1.2988961 11.25)
(-1.7109134 1.4612581 11.25)
(-1.7109134 1.4612581 11.5)
(-2.0911164 1.7859821 3)
(-2.0911164 1.7859821 3.25)
(-2.2812179 1.9483441 3)
(-2.2812179 1.9483441 3.25)
(-2.2812179 1.9483441 3.5)
(-2.0911164 1.7859821 3.5)
(-2.0911164 1.7859821 5.5)
(-2.0911164 1.7859821 5.75)
(-1.9010149 1.6236201 5.75)
(-2.2812179 1.9483441 5.75)
(-2.2812179 1.9483441 6)
(-2.0911164 1.7859821 6)
(-2.2812179 1.9483441 6.25)
(-2.0911164 1.7859821 6.25)
(-2.6614209 2.2730682 14.75)
(-2.8515224 2.4354302 14.75)
(-3.0416239 2.5977922 14.75)
(-2.0911164 1.7859821 9.75)
(-2.0911164 1.7859821 9.5)
(-2.0911164 1.7859821 10)
(-2.0911164 1.7859821 10.25)
(-2.0911164 1.7859821 10.5)
(-2.0911164 1.7859821 10.75)
(-2.0911164 1.7859821 9.25)
(-3.6119283 3.0848782 2.5)
(-3.6119283 3.0848782 2.25)
(-3.6119283 3.0848782 2)
(-3.6119283 3.0848782 4)
(-3.6119283 3.0848782 4.25)
(-3.6119283 3.0848782 4.5)
(-3.6119283 3.0848782 4.75)
(-2.0911164 1.7859821 11.75)
(-1.9010149 1.6236201 11.75)
(-2.0911164 1.7859821 5.25)
(-2.0911164 1.7859821 5)
(-3.6119283 3.0848782 3.75)
(-3.6119283 3.0848782 3.5)
(-3.6119283 3.0848782 3)
(-3.6119283 3.0848782 3.25)
(-2.0911164 1.7859821 4.5)
(-2.0911164 1.7859821 4.75)
(-2.2812179 1.9483441 4.5)
(-2.2812179 1.9483441 4.75)
(-1.9010149 1.6236201 7.25)
(-2.0911164 1.7859821 7.25)
(-3.6119283 3.0848782 13.75)
(-3.6119283 3.0848782 14)
(-3.6119283 3.0848782 2.75)
(-2.0911164 1.7859821 8.25)
(-2.2812179 1.9483441 3.75)
(-2.0911164 1.7859821 3.75)
(-2.2812179 1.9483441 4)
(-2.0911164 1.7859821 4)
(-3.6119283 3.0848782 1.75)
(-3.6119283 3.0848782 1.5)
(-2.0911164 1.7859821 4.25)
(-2.2812179 1.9483441 4.25)
(-3.6119283 3.0848782 0.75)
(-3.6119283 3.0848782 1)
(-3.6119283 3.0848782 1.25)
(-0.19010149 0.16236201 7)
(-0.19010149 0.16236201 6.75)
(-0.19010149 0.16236201 6.5)
(-2.4713194 2.1107062 12.5)
(-2.4713194 2.1107062 12.75)
(-2.2812179 1.9483441 12.75)
(-2.4713194 2.1107062 13)
(-2.2812179 1.9483441 13)
(-0.19010149 0.16236201 7.75)
(-0.19010149 0.16236201 8)
(-0.19010149 0.16236201 7.5)
(-0.19010149 0.16236201 8.5)
(-0.19010149 0.16236201 8.25)
(-1.3307104 1.1365341 5.25)
(-1.3307104 1.1365341 5)
(-0.19010149 0.16236201 7.25)
(-1.3307104 1.1365341 4.75)
(-1.3307104 1.1365341 10.25)
(-1.3307104 1.1365341 10.5)
(-1.3307104 1.1365341 10)
(-0.19010149 0.16236201 6.25)
(-0.19010149 0.16236201 6)
(-1.5208119 1.2988961 12)
(-1.3307104 1.1365341 12)
(-1.3307104 1.1365341 11.75)
(-1.5208119 1.2988961 11.75)
(-1.3307104 1.1365341 11.5)
(-1.3307104 1.1365341 11)
(-1.3307104 1.1365341 10.75)
(-0.19010149 0.16236201 5.75)
(-0.19010149 0.16236201 5.5)
(-1.7109134 1.4612581 13.25)
(-1.9010149 1.6236201 13.25)
(-2.2812179 1.9483441 13.25)
(-2.0911164 1.7859821 13.25)
(-2.0911164 1.7859821 13)
(-0.19010149 0.16236201 4.75)
(-0.19010149 0.16236201 5)
(-0.19010149 0.16236201 4.5)
(-0.19010149 0.16236201 5.25)
(-3.6119283 3.0848782 14.25)
(-3.6119283 3.0848782 14.5)
(-0.19010149 0.16236201 4.25)
(-0.19010149 0.16236201 4)
(-0.19010149 0.16236201 11.5)
(-0.19010149 0.16236201 11.25)
(-0.19010149 0.16236201 11)
(-1.3307104 1.1365341 3.75)
(-1.3307104 1.1365341 3.5)
(-0.19010149 0.16236201 12.25)
(-0.19010149 0.16236201 12.5)
(-0.19010149 0.16236201 12)
(-0.19010149 0.16236201 12.75)
(-2.4713194 2.1107062 13.25)
(-0.19010149 0.16236201 11.75)
(-2.0911164 1.7859821 1.75)
(-1.9010149 1.6236201 1.75)
(-2.0911164 1.7859821 2)
(-2.4713194 2.1107062 2.25)
(-2.2812179 1.9483441 2.25)
(-2.4713194 2.1107062 2.5)
(-2.2812179 1.9483441 2.5)
(-0.19010149 0.16236201 10.75)
(-0.19010149 0.16236201 10.5)
(-2.4713194 2.1107062 5.75)
(-2.4713194 2.1107062 6)
(-2.4713194 2.1107062 2.75)
(-2.4713194 2.1107062 3)
(-2.2812179 1.9483441 2.75)
(-0.19010149 0.16236201 10.25)
(-0.19010149 0.16236201 10)
(-1.5208119 1.2988961 1.75)
(-1.3307104 1.1365341 1.75)
(-1.7109134 1.4612581 1.75)
(-0.19010149 0.16236201 9.25)
(-0.19010149 0.16236201 9.5)
(-0.19010149 0.16236201 9)
(-0.19010149 0.16236201 9.75)
(-1.3307104 1.1365341 11.25)
(-0.19010149 0.16236201 8.75)
(-1.9010149 1.6236201 0.25)
(-2.0911164 1.7859821 0.25)
(-2.2812179 1.9483441 0.25)
(-1.7109134 1.4612581 12.25)
(-1.5208119 1.2988961 12.25)
(-1.7109134 1.4612581 12)
(-0.76040597 0.64944805 0.25)
(-0.95050746 0.81181006 0.25)
(-1.1406089 0.97417207 0.25)
(-1.7109134 1.4612581 11.75)
(-1.3307104 1.1365341 0.25)
(-1.5208119 1.2988961 0.25)
(-1.7109134 1.4612581 0.25)
(-2.0911164 1.7859821 2.5)
(-2.0911164 1.7859821 2.75)
(-1.9010149 1.6236201 2.75)
(-1.7109134 1.4612581 2.75)
(-2.4713194 2.1107062 0.25)
(-2.6614209 2.2730682 0.25)
(-2.4713194 2.1107062 12.25)
(-2.4713194 2.1107062 4)
(-2.4713194 2.1107062 4.25)
(-2.4713194 2.1107062 4.5)
(-2.0911164 1.7859821 2.25)
(-3.0416239 2.5977922 0.25)
(-2.8515224 2.4354302 0.25)
(-1.7109134 1.4612581 7.75)
(-1.7109134 1.4612581 7.5)
(-3.2317254 2.7601542 0.25)
(-2.4713194 2.1107062 4.75)
(-2.4713194 2.1107062 8.75)
(-0.19010149 0.16236201 3.25)
(-0.19010149 0.16236201 3.5)
(-0.19010149 0.16236201 3)
(-0.19010149 0.16236201 3.75)
(-1.3307104 1.1365341 3.25)
(-0.19010149 0.16236201 2.75)
(-0.19010149 0.16236201 2.5)
(-1.3307104 1.1365341 9.75)
(-1.3307104 1.1365341 9.5)
(-1.3307104 1.1365341 9.25)
(-0.19010149 0.16236201 1.75)
(-0.19010149 0.16236201 2)
(-0.19010149 0.16236201 1.5)
(-0.19010149 0.16236201 2.25)
(-1.7109134 1.4612581 7.25)
(-1.3307104 1.1365341 12.25)
(-1.3307104 1.1365341 12.5)
(-0.19010149 0.16236201 1.25)
(-0.19010149 0.16236201 1)
(-1.3307104 1.1365341 12.75)
(-2.4713194 2.1107062 3.25)
(-2.4713194 2.1107062 3.5)
(-2.4713194 2.1107062 3.75)
(-2.4713194 2.1107062 6.25)
(-2.0911164 1.7859821 12.75)
(-1.7109134 1.4612581 5.75)
(-1.9010149 1.6236201 14.75)
(-1.7109134 1.4612581 14.75)
(-1.5208119 1.2988961 14.75)
(-0.19010149 0.16236201 14.75)
(-0.38020298 0.32472402 14.75)
(-1.3307104 1.1365341 14.75)
(-1.1406089 0.97417207 14.75)
(-3.6119283 3.0848782 14.75)
(-3.4218268 2.9225162 14.75)
(-3.2317254 2.7601542 14.75)
(-2.0911164 1.7859821 14.75)
(-2.2812179 1.9483441 14.75)
(-2.4713194 2.1107062 14.75)
(-0.57030447 0.48708604 14.75)
(-0.76040597 0.64944805 14.75)
(-0.95050746 0.81181006 14.75)
(-0.19010149 0.16236201 0.5)
(-0.19010149 0.16236201 0.75)
(-0.38020298 0.32472402 0.5)
(-0.38020298 0.32472402 0.75)
(-0.57030447 0.48708604 0.5)
(-0.57030447 0.48708604 0.25)
(-0.38020298 0.32472402 0.25)
(-0.57030447 0.48708604 0.75)
(-0.19010149 0.16236201 0.25)
)


// ************************************************************************* //
