/*--------------------------------*- C++ -*----------------------------------*\
| =========                 |                                                 |
| \\      /  F ield         | OpenFOAM: The Open Source CFD Toolbox           |
|  \\    /   O peration     | Version:  4.1                                   |
|   \\  /    A nd           | Web:      www.OpenFOAM.org                      |
|    \\/     M anipulation  |                                                 |
\*---------------------------------------------------------------------------*/
FoamFile
{
    version     2.0;
    format      ascii;
    class       labelList;
    note        "nPoints:2074  nCells:960  nFaces:3916  nInternalFaces:1844";
    location    "constant/Barrel_rotated/polyMesh";
    object      neighbour;
}
// * * * * * * * * * * * * * * * * * * * * * * * * * * * * * * * * * * * * * //


1844
(
1
3
63
70
2
62
753
3
680
752
71
683
5
7
267
585
6
266
825
7
610
824
586
609
9
11
255
769
10
254
853
11
630
852
629
770
13
15
243
833
14
242
729
15
650
728
649
834
17
19
235
849
18
234
717
19
682
716
681
850
21
23
451
733
22
450
809
23
281
808
280
734
25
27
439
789
26
438
887
27
453
886
452
790
29
31
79
792
30
297
795
31
131
296
76
130
33
35
96
874
34
91
99
35
90
633
632
875
37
39
46
800
38
533
803
39
204
532
47
207
41
43
339
513
42
423
512
43
403
422
336
402
45
47
115
198
46
114
129
47
128
199
49
51
163
430
50
162
340
51
343
497
431
496
53
55
147
442
54
146
332
55
335
477
443
476
57
59
127
446
58
126
324
59
327
465
447
464
61
63
307
565
62
306
553
63
552
566
65
67
290
819
66
316
818
67
319
541
291
540
69
71
558
670
70
557
567
71
566
671
73
75
238
767
74
304
766
75
307
565
239
564
77
79
433
78
83
432
79
82
775
774
81
83
90
633
82
89
778
83
777
634
85
87
94
223
86
222
805
87
648
804
95
651
89
91
100
739
90
738
91
101
93
95
642
755
94
543
754
95
542
643
97
99
880
98
838
883
99
102
837
101
101
103
751
102
103
857
748
856
105
107
110
551
106
276
550
107
257
279
111
256
109
111
404
661
110
407
652
111
655
662
113
115
454
939
114
435
938
115
434
455
117
119
641
851
118
681
850
119
680
752
642
755
121
123
445
830
122
829
123
124
127
446
125
127
126
132
127
135
129
131
800
130
434
131
433
801
133
135
134
141
135
140
325
324
137
139
597
771
138
629
770
139
628
784
598
787
141
143
441
142
143
144
147
442
145
147
146
148
147
151
149
151
150
157
151
156
333
332
153
155
621
835
154
649
834
155
648
804
622
807
157
159
429
158
159
160
163
430
161
163
162
164
163
167
165
167
166
177
167
176
341
340
169
171
322
908
170
697
911
171
411
696
323
410
173
175
219
362
174
218
785
175
628
784
363
631
177
179
421
178
179
400
403
422
181
183
401
182
189
183
188
337
336
402
185
187
413
884
186
412
950
187
861
949
860
885
189
191
249
190
191
192
195
250
193
195
194
200
195
203
409
408
197
199
206
791
198
452
790
199
455
207
201
203
202
607
203
329
606
328
205
207
282
206
281
808
207
811
209
211
343
497
210
342
521
211
357
520
356
498
213
215
335
477
214
334
489
215
377
488
376
478
217
219
327
465
218
326
473
219
472
466
221
223
319
541
222
318
529
223
528
542
225
227
358
502
226
357
520
227
523
895
503
894
229
231
298
815
230
237
814
231
236
741
299
740
233
235
373
703
234
301
702
235
300
374
237
239
569
238
780
239
783
570
241
243
369
519
242
285
518
243
284
370
245
247
338
699
246
698
912
247
514
915
339
513
249
251
338
699
250
337
251
408
411
696
253
255
365
459
254
273
458
255
272
366
257
259
662
258
844
259
501
847
500
663
261
263
278
761
262
277
460
263
348
463
351
762
265
267
349
471
266
269
470
267
268
350
269
271
825
270
484
271
364
487
367
826
273
275
853
274
508
275
368
511
371
854
277
279
539
278
538
279
845
844
281
283
294
282
283
532
295
535
285
287
729
286
708
287
372
711
375
730
289
291
306
553
290
305
720
291
723
554
293
295
558
670
294
669
735
295
734
559
297
299
801
298
799
299
798
802
301
303
717
302
688
303
380
691
383
718
305
307
747
306
746
307
309
311
450
809
310
449
672
311
398
675
397
810
313
315
438
887
314
437
588
315
414
591
413
884
317
319
831
318
445
830
319
444
321
323
330
618
322
617
927
323
926
331
325
327
326
441
327
440
329
331
409
330
626
331
625
410
333
335
334
429
335
428
337
339
338
339
341
343
342
421
343
420
345
347
392
424
346
427
602
347
580
601
393
583
349
351
495
350
494
351
585
584
353
355
526
759
354
499
758
355
356
498
359
527
357
359
358
359
704
707
361
363
622
807
362
467
806
363
466
623
365
367
483
366
482
367
769
768
369
371
507
370
506
371
833
832
373
375
715
374
714
375
849
848
377
379
390
378
757
379
608
756
391
611
381
383
695
382
448
694
383
451
733
732
385
387
405
934
386
395
933
387
394
573
406
572
389
391
598
787
390
479
786
391
478
599
393
395
954
394
579
395
578
955
397
399
439
789
398
788
399
679
436
678
401
403
402
403
405
407
903
406
902
407
561
560
409
411
410
411
413
415
419
414
415
659
416
658
417
419
647
418
646
820
419
823
951
950
421
423
521
422
423
522
425
427
954
426
930
953
427
613
929
612
429
431
489
430
431
490
433
435
634
434
435
635
437
439
667
438
666
439
441
443
473
442
443
474
445
447
529
446
447
530
449
451
687
450
686
451
453
455
454
945
455
944
457
459
481
458
509
459
508
482
461
463
538
462
537
463
492
495
465
467
530
466
467
531
469
471
493
470
485
471
484
494
473
475
785
474
475
476
479
786
477
479
478
479
481
483
486
482
483
487
485
487
486
487
489
491
757
490
491
496
499
758
493
495
494
495
497
499
498
499
501
503
891
502
705
503
704
888
505
507
510
506
516
507
519
511
509
511
510
511
513
515
522
514
515
892
523
895
517
519
518
709
519
708
521
523
522
523
525
527
706
760
526
544
763
527
547
707
529
531
805
530
531
806
533
535
534
743
535
556
742
559
537
539
549
538
539
550
541
543
554
542
543
555
545
547
587
546
586
609
547
608
756
759
549
551
654
550
551
655
553
555
753
554
555
754
557
559
568
558
571
559
561
563
652
562
572
563
575
653
565
567
570
566
567
571
569
571
742
570
741
571
573
575
574
578
575
577
577
579
582
578
579
583
581
583
595
582
594
583
585
587
762
586
587
763
589
591
666
590
665
591
656
659
593
595
600
594
595
601
597
599
610
824
598
827
599
611
601
603
602
603
612
615
605
607
606
627
607
626
609
611
610
611
613
615
614
919
615
918
617
619
896
618
899
619
625
624
621
623
630
852
622
855
623
631
625
627
626
627
629
631
630
631
633
635
937
634
635
938
637
639
645
638
639
821
646
820
641
643
650
728
642
731
643
651
645
647
657
646
647
658
649
651
650
651
653
655
654
655
657
659
658
659
661
663
890
900
662
903
663
891
665
667
677
666
667
678
669
671
682
716
670
719
671
683
673
675
686
674
685
675
676
679
677
679
678
679
681
683
682
683
685
687
693
686
687
694
689
691
702
690
701
691
692
695
693
695
694
695
697
699
698
920
699
923
701
703
713
702
703
714
705
707
706
847
707
846
709
711
710
711
712
715
713
715
714
715
717
719
718
719
732
735
721
723
746
722
745
723
816
819
725
727
859
726
727
749
748
856
729
731
730
731
848
851
733
735
734
735
737
739
750
738
779
739
778
751
741
743
802
742
743
803
745
747
765
746
747
766
749
751
750
751
753
755
754
755
757
759
758
759
761
763
846
762
845
763
765
767
782
766
767
783
769
771
826
770
771
827
773
775
776
774
793
775
792
777
777
779
778
779
781
783
814
782
813
783
785
787
786
787
789
791
810
790
791
811
793
795
794
795
796
799
797
799
798
812
799
815
801
803
802
803
805
807
806
807
809
811
810
811
813
815
814
815
817
819
818
828
819
831
821
823
822
823
864
867
825
827
826
827
829
831
830
831
833
835
854
834
835
855
837
839
858
838
857
839
843
842
841
843
868
882
842
871
843
883
845
847
846
847
849
851
850
851
853
855
854
855
857
859
858
859
861
863
946
862
940
863
873
943
872
947
865
867
866
870
867
869
948
951
869
871
942
870
941
871
873
875
936
874
881
875
880
937
877
879
907
922
878
921
959
879
932
958
904
935
881
883
882
943
883
942
885
887
886
946
887
945
889
891
894
890
893
906
891
905
893
895
915
894
914
895
897
899
898
917
899
916
924
927
901
903
905
902
904
935
903
934
905
907
906
907
914
913
909
911
926
910
925
956
911
921
959
920
913
915
923
914
922
915
917
919
928
918
919
929
921
923
922
923
925
927
928
926
931
927
929
931
930
931
957
956
933
935
952
934
955
935
937
939
947
938
939
944
941
943
949
942
948
943
945
947
946
947
949
951
950
951
953
955
958
954
957
955
957
959
958
959
)


// ************************************************************************* //
