/*--------------------------------*- C++ -*----------------------------------*\
| =========                 |                                                 |
| \\      /  F ield         | OpenFOAM: The Open Source CFD Toolbox           |
|  \\    /   O peration     | Version:  4.1                                   |
|   \\  /    A nd           | Web:      www.OpenFOAM.org                      |
|    \\/     M anipulation  |                                                 |
\*---------------------------------------------------------------------------*/
FoamFile
{
    version     2.0;
    format      ascii;
    class       faceList;
    location    "constant/Calorimeter_rotated/polyMesh";
    object      faces;
}
// * * * * * * * * * * * * * * * * * * * * * * * * * * * * * * * * * * * * * //


1996
(
4(206 603 604 209)
4(208 209 604 605)
4(58 208 605 602)
4(58 602 603 206)
4(209 207 607 604)
4(51 606 607 207)
4(206 603 606 51)
4(209 159 544 604)
4(207 607 545 22)
4(208 21 543 605)
4(210 609 610 213)
4(212 213 610 611)
4(48 608 609 210)
4(48 212 611 608)
4(213 211 613 610)
4(57 612 613 211)
4(210 609 612 57)
3(148 610 213)
3(12 211 613)
3(11 611 212)
4(214 615 616 217)
4(216 217 616 617)
4(45 216 617 614)
4(45 614 615 214)
4(217 215 619 616)
4(63 618 619 215)
4(214 615 618 63)
3(151 616 217)
3(15 215 619)
3(14 617 216)
4(218 620 621 221)
4(164 221 621 554)
4(26 553 620 218)
4(221 219 623 621)
4(218 620 622 61)
4(61 622 623 219)
4(221 220 625 621)
4(220 55 624 625)
4(219 623 624 55)
4(27 220 625 555)
4(222 626 627 224)
4(220 224 627 625)
4(55 624 626 222)
4(224 223 629 627)
4(66 628 629 223)
4(222 626 628 66)
4(224 165 556 627)
4(223 629 557 28)
4(630 226 166 558)
3(145 226 630)
4(226 223 629 630)
4(226 225 631 630)
4(225 66 628 631)
3(9 225 631)
4(227 633 634 230)
4(229 230 634 635)
4(47 229 635 632)
4(47 632 633 227)
4(230 228 637 634)
4(80 636 637 228)
4(227 633 636 80)
4(230 162 550 634)
4(228 637 551 25)
4(229 24 549 635)
4(231 639 640 233)
4(232 233 640 641)
4(79 232 641 638)
4(79 638 639 231)
4(233 216 617 640)
4(231 639 614 45)
3(150 640 233)
3(13 641 232)
4(234 642 643 235)
4(228 235 643 637)
4(80 636 642 234)
4(235 218 620 643)
4(234 642 622 61)
4(235 163 552 643)
4(644 237 211 613)
3(149 237 644)
4(237 236 645 644)
4(57 612 645 236)
4(237 232 641 644)
4(236 645 638 79)
4(238 646 647 241)
4(172 241 647 569)
4(34 570 646 238)
4(241 239 649 647)
4(238 646 648 44)
4(44 648 649 239)
4(241 240 651 647)
4(240 81 650 651)
4(239 649 650 81)
4(33 240 651 568)
4(242 653 654 244)
4(243 244 654 655)
4(78 243 655 652)
4(78 652 653 242)
4(244 229 635 654)
4(242 653 632 47)
4(244 161 548 654)
4(243 23 547 655)
4(240 651 656 247)
4(171 247 656 567)
4(247 245 657 656)
4(81 650 657 245)
4(247 246 659 656)
4(246 49 658 659)
4(245 657 658 49)
4(32 246 659 566)
4(246 659 660 250)
4(170 250 660 565)
4(250 248 661 660)
4(49 658 661 248)
4(250 249 663 660)
4(249 82 662 663)
4(248 661 662 82)
4(31 249 663 564)
4(207 607 664 252)
4(160 252 664 546)
4(252 251 665 664)
4(51 606 665 251)
4(252 243 655 664)
4(251 665 652 78)
4(249 663 666 255)
4(169 255 666 563)
4(255 253 667 666)
4(82 662 667 253)
4(255 254 669 666)
4(254 59 668 669)
4(253 667 668 59)
4(30 254 669 562)
4(256 671 672 260)
4(259 260 672 673)
4(110 670 671 256)
4(110 259 673 670)
4(260 257 675 672)
4(256 671 674 127)
4(127 674 675 257)
4(260 258 677 672)
4(258 70 676 677)
4(257 675 676 70)
4(101 258 677 678)
4(259 101 678 673)
4(261 680 681 263)
4(262 263 681 682)
4(62 679 680 261)
4(62 262 682 679)
4(263 157 540 681)
4(261 680 541 20)
4(263 167 559 681)
4(262 29 560 682)
4(261 680 683 265)
4(158 265 683 542)
4(265 264 684 683)
4(62 679 684 264)
4(265 208 605 683)
4(264 684 602 58)
4(266 685 686 267)
4(254 267 686 669)
4(59 668 685 266)
4(267 262 682 686)
4(266 685 679 62)
4(267 168 561 686)
4(268 687 688 271)
4(219 271 688 623)
4(61 622 687 268)
4(271 269 690 688)
4(268 687 689 99)
4(99 689 690 269)
4(271 270 692 688)
4(269 690 691 71)
4(270 71 691 692)
4(55 270 692 624)
4(272 694 695 276)
4(275 276 695 696)
4(132 275 696 693)
4(132 693 694 272)
4(276 273 698 695)
4(136 697 698 273)
4(272 694 697 136)
4(276 274 700 695)
4(273 698 699 120)
4(274 120 699 700)
4(275 125 701 696)
4(125 274 700 701)
4(277 702 703 279)
4(273 279 703 698)
4(136 697 702 277)
4(279 256 671 703)
4(277 702 674 127)
4(279 278 704 703)
4(278 110 670 704)
4(120 278 704 699)
4(280 706 707 283)
4(282 283 707 708)
4(74 282 708 705)
4(74 705 706 280)
4(283 281 710 707)
4(52 709 710 281)
4(280 706 709 52)
3(153 707 283)
3(17 281 710)
3(16 708 282)
4(284 712 713 288)
4(287 288 713 714)
4(108 287 714 711)
4(108 711 712 284)
4(288 285 716 713)
4(118 715 716 285)
4(284 712 715 118)
4(288 286 718 713)
4(285 716 717 114)
4(286 114 717 718)
4(287 98 719 714)
4(98 286 718 719)
4(289 720 721 291)
4(285 291 721 716)
4(118 715 720 289)
4(291 275 696 721)
4(289 720 693 132)
4(291 290 722 721)
4(290 125 701 722)
4(114 290 722 717)
4(292 723 724 294)
4(234 294 724 642)
4(80 636 723 292)
4(294 293 726 724)
4(292 723 725 91)
4(91 725 726 293)
4(294 268 687 724)
4(293 726 689 99)
4(295 728 729 297)
4(296 297 729 730)
4(77 727 728 295)
4(77 296 730 727)
4(297 264 684 729)
4(295 728 602 58)
4(297 266 685 729)
4(296 59 668 730)
4(298 731 732 300)
4(210 300 732 609)
4(48 608 731 298)
4(300 258 677 732)
4(298 731 678 101)
4(300 299 733 732)
4(299 70 676 733)
4(57 299 733 612)
4(259 673 734 303)
4(302 303 734 735)
4(110 302 735 670)
4(303 301 736 734)
4(101 678 736 301)
4(303 269 690 734)
4(301 736 691 71)
4(302 99 689 735)
4(304 737 738 307)
4(251 307 738 665)
4(51 606 737 304)
4(307 305 740 738)
4(304 737 739 76)
4(76 739 740 305)
4(307 306 742 738)
4(306 92 741 742)
4(305 740 741 92)
4(78 306 742 652)
4(306 742 743 310)
4(242 310 743 653)
4(310 308 744 743)
4(92 741 744 308)
4(310 309 746 743)
4(309 115 745 746)
4(308 744 745 115)
4(47 309 746 632)
4(309 746 747 312)
4(227 312 747 633)
4(312 311 748 747)
4(115 745 748 311)
4(312 292 723 747)
4(311 748 725 91)
4(313 750 751 315)
4(314 315 751 752)
4(75 314 752 749)
4(75 749 750 313)
4(315 238 646 751)
4(313 750 648 44)
4(315 173 571 751)
4(314 35 572 752)
4(295 728 753 317)
4(206 317 753 603)
4(317 316 754 753)
4(77 727 754 316)
4(317 304 737 753)
4(316 754 739 76)
4(318 756 757 321)
4(320 321 757 758)
4(97 320 758 755)
4(97 755 756 318)
4(321 287 714 757)
4(318 756 711 108)
4(321 319 759 757)
4(319 98 719 759)
4(320 102 760 758)
4(102 319 759 760)
4(299 733 761 324)
4(236 324 761 645)
4(324 322 762 761)
4(70 676 762 322)
4(324 323 764 761)
4(323 93 763 764)
4(322 762 763 93)
4(79 323 764 638)
4(765 326 215 619)
3(152 326 765)
4(326 325 766 765)
4(63 618 766 325)
4(326 282 708 765)
4(325 766 705 74)
4(278 704 767 328)
4(327 328 767 768)
4(120 327 768 699)
4(328 302 735 767)
4(328 293 726 767)
4(327 91 725 768)
4(329 769 770 331)
4(248 331 770 661)
4(49 658 769 329)
4(331 320 758 770)
4(329 769 755 97)
4(331 330 771 770)
4(330 102 760 771)
4(82 330 771 662)
4(296 730 772 333)
4(332 333 772 773)
4(77 332 773 727)
4(333 253 667 772)
4(333 330 771 772)
4(332 102 760 773)
4(334 775 776 337)
4(336 337 776 777)
4(135 774 775 334)
4(135 336 777 774)
4(337 335 779 776)
4(334 775 778 109)
4(109 778 779 335)
4(337 277 702 776)
4(335 779 674 127)
4(336 136 697 777)
4(338 780 781 339)
4(319 339 781 759)
4(98 719 780 338)
4(339 316 754 781)
4(338 780 739 76)
4(339 332 773 781)
4(340 782 783 342)
4(245 342 783 657)
4(81 650 782 340)
4(342 341 785 783)
4(340 782 784 113)
4(113 784 785 341)
4(342 329 769 783)
4(341 785 755 97)
4(343 786 787 345)
4(290 345 787 722)
4(125 701 786 343)
4(345 308 744 787)
4(343 786 745 115)
4(345 344 788 787)
4(344 92 741 788)
4(114 344 788 717)
4(343 786 789 346)
4(311 346 789 748)
4(346 274 700 789)
4(346 327 768 789)
4(344 788 790 347)
4(286 347 790 718)
4(347 305 740 790)
4(347 338 780 790)
4(348 791 792 350)
4(174 350 792 573)
4(36 574 791 348)
4(350 349 794 792)
4(53 793 794 349)
4(348 791 793 53)
4(350 314 752 792)
4(349 794 749 75)
4(323 764 795 353)
4(231 353 795 639)
4(353 351 796 795)
4(93 763 796 351)
4(353 352 798 795)
4(352 100 797 798)
4(351 796 797 100)
4(45 352 798 614)
4(352 798 799 356)
4(214 356 799 615)
4(356 354 800 799)
4(100 797 800 354)
4(356 355 802 799)
4(354 800 801 69)
4(355 69 801 802)
4(63 355 802 618)
4(357 804 805 360)
4(359 360 805 806)
4(142 803 804 357)
4(142 359 806 803)
4(360 358 808 805)
4(126 807 808 358)
4(357 804 807 126)
4(360 334 775 805)
4(358 808 778 109)
4(359 135 774 806)
4(361 809 810 362)
4(335 362 810 779)
4(109 778 809 361)
4(362 322 762 810)
4(361 809 763 93)
4(362 257 675 810)
4(363 812 813 367)
4(366 367 813 814)
4(64 811 812 363)
4(64 366 814 811)
4(367 364 816 813)
4(83 815 816 364)
4(363 812 815 83)
4(367 365 818 813)
4(364 816 817 103)
4(365 103 817 818)
4(117 365 818 819)
4(366 117 819 814)
4(368 820 821 369)
4(358 369 821 808)
4(126 807 820 368)
4(369 351 796 821)
4(368 820 797 100)
4(369 361 809 821)
4(370 822 823 373)
4(364 373 823 816)
4(83 815 822 370)
4(373 371 825 823)
4(370 822 824 46)
4(46 824 825 371)
4(373 372 827 823)
4(372 94 826 827)
4(371 825 826 94)
4(103 372 827 817)
4(368 820 828 376)
4(354 376 828 800)
4(376 374 829 828)
4(126 807 829 374)
4(376 375 831 828)
4(374 829 830 106)
4(375 106 830 831)
4(69 375 831 801)
4(377 832 833 379)
4(281 379 833 710)
4(52 709 832 377)
4(379 378 835 833)
4(84 834 835 378)
4(377 832 834 84)
3(154 833 379)
3(18 378 835)
4(380 837 838 382)
4(381 382 838 839)
4(130 836 837 380)
4(130 381 839 836)
4(382 374 829 838)
4(380 837 830 106)
4(382 357 804 838)
4(381 142 803 839)
4(383 840 841 385)
4(239 385 841 649)
4(44 648 840 383)
4(385 384 843 841)
4(383 840 842 88)
4(88 842 843 384)
4(385 340 782 841)
4(384 843 784 113)
4(386 844 845 388)
4(184 388 845 594)
4(41 593 844 386)
4(388 363 812 845)
4(386 844 815 83)
4(388 387 846 845)
4(387 64 811 846)
4(6 387 846 587)
4(272 694 847 391)
4(336 391 847 777)
4(391 389 848 847)
4(132 693 848 389)
4(391 390 850 847)
4(389 848 849 141)
4(390 141 849 850)
4(135 390 850 774)
4(183 592 851 393)
4(386 393 851 844)
4(393 392 852 851)
4(7 591 852 392)
4(393 370 822 851)
4(392 852 824 46)
4(394 853 854 396)
4(313 396 854 750)
4(75 749 853 394)
4(396 395 856 854)
4(394 853 855 96)
4(96 855 856 395)
4(396 383 840 854)
4(395 856 842 88)
4(397 858 859 399)
4(398 399 859 860)
4(95 398 860 857)
4(95 857 858 397)
4(399 325 766 859)
4(397 858 705 74)
4(399 355 802 859)
4(398 69 801 860)
4(400 861 862 402)
4(349 402 862 794)
4(53 793 861 400)
4(402 401 864 862)
4(112 863 864 401)
4(400 861 863 112)
4(402 394 853 862)
4(401 864 855 96)
4(403 866 867 407)
4(406 407 867 868)
4(85 406 868 865)
4(85 865 866 403)
4(407 404 870 867)
4(89 869 870 404)
4(403 866 869 89)
4(407 405 872 867)
4(404 870 871 116)
4(405 116 871 872)
4(406 50 873 868)
4(50 405 872 873)
4(408 875 876 411)
4(410 411 876 877)
4(65 410 877 874)
4(65 874 875 408)
4(411 409 879 876)
4(86 878 879 409)
4(408 875 878 86)
4(411 185 596 876)
4(409 879 597 42)
4(410 8 595 877)
4(182 590 880 414)
4(413 414 880 881)
4(5 413 881 583)
4(414 412 882 880)
4(40 589 882 412)
4(414 406 868 880)
4(412 882 865 85)
4(413 50 873 881)
4(415 883 884 417)
4(378 417 884 835)
4(84 834 883 415)
4(417 416 886 884)
4(415 883 885 56)
4(56 885 886 416)
3(155 884 417)
3(19 416 886)
4(409 879 887 419)
4(186 419 887 598)
4(419 418 888 887)
4(86 878 888 418)
4(419 392 852 887)
4(418 888 824 46)
4(191 890 891 421)
4(420 421 891 892)
4(134 420 892 889)
4(134 889 890 191)
4(421 389 848 891)
4(191 890 849 141)
4(421 289 720 891)
4(420 118 715 892)
4(181 588 893 423)
4(412 423 893 882)
4(423 387 846 893)
4(423 422 894 893)
4(422 64 811 894)
4(85 422 894 865)
4(424 895 896 427)
4(395 427 896 856)
4(96 855 895 424)
4(427 425 898 896)
4(424 895 897 122)
4(122 897 898 425)
4(427 426 900 896)
4(426 107 899 900)
4(425 898 899 107)
4(88 426 900 842)
4(428 902 903 431)
4(430 431 903 904)
4(119 430 904 901)
4(119 901 902 428)
4(431 429 906 903)
4(428 902 905 128)
4(128 905 906 429)
4(431 404 870 903)
4(429 906 871 116)
4(430 89 869 904)
4(365 818 907 435)
4(434 435 907 908)
4(117 434 908 819)
4(435 432 909 907)
4(103 817 909 432)
4(435 433 911 907)
4(432 909 910 121)
4(433 121 910 911)
4(434 138 912 908)
4(138 433 911 912)
4(436 914 915 438)
4(437 438 915 916)
4(124 913 914 436)
4(124 437 916 913)
4(438 384 843 915)
4(436 914 784 113)
4(438 426 900 915)
4(437 107 899 916)
4(177 580 917 440)
4(201 440 917 918)
4(38 201 918 581)
4(440 439 919 917)
4(4 579 919 439)
4(440 205 921 917)
4(439 919 920 54)
4(205 54 920 921)
4(201 68 922 918)
4(68 205 921 922)
4(372 827 923 442)
4(432 442 923 909)
4(442 200 924 923)
4(94 826 924 200)
4(442 441 926 923)
4(441 111 925 926)
4(200 924 925 111)
4(121 441 926 910)
4(436 914 927 444)
4(341 444 927 785)
4(444 443 928 927)
4(124 913 928 443)
4(444 318 756 927)
4(443 928 711 108)
4(422 894 929 446)
4(403 446 929 866)
4(446 366 814 929)
4(446 445 930 929)
4(445 117 819 930)
4(89 445 930 869)
4(415 883 931 450)
4(449 450 931 932)
4(56 449 932 885)
4(450 447 933 931)
4(84 834 933 447)
4(450 448 935 931)
4(447 933 934 73)
4(448 73 934 935)
4(449 65 874 932)
4(65 448 935 874)
4(187 599 936 452)
4(451 452 936 937)
4(43 451 937 600)
3(156 936 452)
4(936 452 416 886)
4(451 56 885 937)
4(451 937 938 453)
4(188 453 938 601)
4(453 449 932 938)
4(453 410 877 938)
4(454 940 941 457)
4(456 457 941 942)
4(131 456 942 939)
4(131 939 940 454)
4(457 455 943 941)
4(134 889 943 455)
4(454 940 889 134)
4(457 437 916 941)
4(455 943 913 124)
4(456 107 899 942)
4(458 944 945 461)
4(441 461 945 926)
4(111 925 944 458)
4(461 459 947 945)
4(123 946 947 459)
4(458 944 946 123)
4(461 460 949 945)
4(460 137 948 949)
4(459 947 948 137)
4(121 460 949 910)
4(462 950 951 464)
4(413 464 951 881)
4(50 873 950 462)
4(464 463 953 951)
4(462 950 952 87)
4(87 952 953 463)
4(464 179 584 951)
4(463 953 585 39)
4(465 954 955 467)
4(375 467 955 831)
4(106 830 954 465)
4(467 466 956 955)
4(465 954 946 123)
4(123 946 956 466)
4(467 398 860 955)
4(466 956 857 95)
4(468 957 958 470)
4(401 470 958 864)
4(112 863 957 468)
4(470 469 960 958)
4(129 959 960 469)
4(468 957 959 129)
4(470 424 895 958)
4(469 960 897 122)
4(196 962 963 472)
4(471 472 963 964)
4(104 471 964 961)
4(104 961 962 196)
4(472 462 950 963)
4(196 962 952 87)
4(472 405 872 963)
4(471 116 871 964)
4(443 928 965 473)
4(284 473 965 712)
4(473 455 943 965)
4(473 420 892 965)
4(377 832 966 476)
4(447 476 966 933)
4(476 474 967 966)
4(52 709 967 474)
4(476 475 969 966)
4(474 967 968 90)
4(475 90 968 969)
4(73 475 969 934)
4(445 930 970 478)
4(430 478 970 904)
4(478 434 908 970)
4(478 477 971 970)
4(477 138 912 971)
4(119 477 971 901)
4(479 972 973 482)
4(477 482 973 971)
4(138 912 972 479)
4(482 480 975 973)
4(479 972 974 143)
4(143 974 975 480)
4(482 481 977 973)
4(481 133 976 977)
4(480 975 976 133)
4(119 481 977 901)
4(481 977 978 485)
4(428 485 978 902)
4(485 483 979 978)
4(133 976 979 483)
4(485 484 981 978)
4(483 979 980 139)
4(484 139 980 981)
4(128 484 981 905)
4(486 982 983 487)
4(397 487 983 858)
4(95 857 982 486)
4(487 474 967 983)
4(486 982 968 90)
4(487 280 706 983)
4(418 888 984 489)
4(371 489 984 825)
4(489 488 985 984)
4(86 878 985 488)
4(489 198 987 984)
4(488 985 986 105)
4(198 105 986 987)
4(94 198 987 826)
4(490 988 989 492)
4(270 492 989 692)
4(71 691 988 490)
4(492 491 991 989)
4(490 988 990 60)
4(60 990 991 491)
4(492 222 626 989)
4(491 991 628 66)
4(993 495 493 992)
3(147 495 993)
3(10 992 493)
4(495 494 994 993)
4(60 990 994 494)
4(493 992 990 60)
4(495 212 611 993)
4(494 994 608 48)
4(496 995 996 499)
4(498 499 996 997)
4(131 939 995 496)
4(131 498 997 939)
4(499 483 979 996)
4(496 995 980 139)
4(499 497 998 996)
4(497 133 976 998)
4(140 497 998 999)
4(498 140 999 997)
4(460 949 1000 500)
4(433 500 1000 911)
4(500 193 1001 1000)
4(137 948 1001 193)
4(500 479 972 1000)
4(193 1001 974 143)
4(501 1002 1003 502)
4(448 502 1003 935)
4(73 934 1002 501)
4(502 488 985 1003)
4(501 1002 986 105)
4(502 408 875 1003)
4(503 1004 1005 504)
4(425 504 1005 898)
4(122 897 1004 503)
4(504 496 995 1005)
4(503 1004 980 139)
4(504 456 942 1005)
4(503 1004 1006 506)
4(484 506 1006 981)
4(506 469 960 1006)
4(506 505 1007 1006)
4(505 129 959 1007)
4(128 505 1007 905)
4(494 994 1008 507)
4(298 507 1008 731)
4(507 490 988 1008)
4(507 301 736 1008)
4(508 1010 1011 511)
4(510 511 1011 1012)
4(72 1009 1010 508)
4(72 510 1012 1009)
4(511 400 861 1011)
4(508 1010 863 112)
4(511 509 1013 1011)
4(509 53 793 1013)
4(67 509 1013 1014)
4(510 67 1014 1012)
4(512 1015 1016 513)
4(175 513 1016 575)
4(37 576 1015 512)
4(513 509 1013 1016)
4(512 1015 1014 67)
4(513 348 791 1016)
4(439 919 1017 515)
4(514 515 1017 1018)
4(54 514 1018 920)
4(515 180 586 1017)
4(515 463 953 1017)
4(514 87 952 1018)
4(459 947 1019 516)
4(194 516 1019 1020)
4(137 194 1020 948)
4(516 465 954 1019)
4(516 380 837 1019)
4(194 130 836 1020)
4(517 1021 1022 518)
4(505 518 1022 1007)
4(129 959 1021 517)
4(518 471 964 1022)
4(517 1021 961 104)
4(518 429 906 1022)
4(192 1023 1024 520)
4(480 520 1024 975)
4(143 974 1023 192)
4(520 519 1025 1024)
4(130 836 1025 519)
4(192 1023 836 130)
4(520 497 998 1024)
4(519 1025 999 140)
4(519 1025 1026 523)
4(522 523 1026 1027)
4(140 522 1027 999)
4(523 381 839 1026)
4(523 521 1028 1026)
4(521 142 803 1028)
4(144 521 1028 1029)
4(522 144 1029 1027)
4(486 982 1030 525)
4(524 525 1030 1031)
4(90 524 1031 968)
4(525 466 956 1030)
4(525 458 944 1030)
4(524 111 925 1031)
4(521 1028 1032 526)
4(190 526 1032 1033)
4(144 190 1033 1029)
4(526 359 806 1032)
4(526 390 850 1032)
4(190 141 849 1033)
4(189 1034 1035 527)
4(522 527 1035 1027)
4(144 1029 1034 189)
4(527 454 940 1035)
4(189 1034 889 134)
4(527 498 997 1035)
4(524 1031 1036 528)
4(475 528 1036 969)
4(528 199 1037 1036)
4(111 925 1037 199)
4(528 501 1002 1036)
4(199 1037 986 105)
4(1038 529 225 631)
3(146 529 1038)
4(529 491 991 1038)
4(529 493 992 1038)
4(508 1010 1039 530)
4(468 530 1039 957)
4(530 197 1040 1039)
4(72 1009 1040 197)
4(530 517 1021 1039)
4(197 1040 961 104)
4(176 577 1041 531)
4(512 531 1041 1015)
4(531 202 1042 1041)
4(3 578 1042 202)
4(531 204 1043 1041)
4(202 1042 922 68)
4(204 68 922 1043)
4(67 204 1043 1014)
4(510 1012 1044 532)
4(195 532 1044 1045)
4(72 195 1045 1009)
4(532 203 1046 1044)
4(67 1014 1046 203)
4(532 514 1018 1044)
4(203 1046 920 54)
4(195 87 952 1045)
4(189 1034 1047 533)
4(191 533 1047 890)
4(533 190 1033 1047)
4(192 1023 1048 534)
4(194 534 1048 1020)
4(534 193 1001 1048)
4(195 1045 1049 535)
4(197 535 1049 1040)
4(535 196 962 1049)
4(198 987 1050 536)
4(200 536 1050 924)
4(536 199 1037 1050)
4(178 582 1051 537)
4(202 537 1051 1042)
4(537 201 918 1051)
4(203 1046 1052 538)
4(205 538 1052 921)
4(538 204 1043 1052)
4(58 206 209 208)
4(206 51 207 209)
4(209 207 22 159)
4(208 209 159 21)
4(48 210 213 212)
4(210 57 211 213)
4(12 148 213 211)
4(148 11 212 213)
4(45 214 217 216)
4(214 63 215 217)
4(15 151 217 215)
4(151 14 216 217)
4(26 218 221 164)
4(218 61 219 221)
4(221 219 55 220)
4(164 221 220 27)
4(55 222 224 220)
4(222 66 223 224)
4(224 223 28 165)
4(220 224 165 27)
4(145 0 166 226)
4(166 28 223 226)
4(226 223 66 225)
4(9 145 226 225)
4(47 227 230 229)
4(227 80 228 230)
4(230 228 25 162)
4(229 230 162 24)
4(79 231 233 232)
4(231 45 216 233)
4(14 150 233 216)
4(150 13 232 233)
4(80 234 235 228)
4(234 61 218 235)
4(235 218 26 163)
4(228 235 163 25)
4(149 12 211 237)
4(211 57 236 237)
4(237 236 79 232)
4(13 149 237 232)
4(34 238 241 172)
4(238 44 239 241)
4(241 239 81 240)
4(172 241 240 33)
4(78 242 244 243)
4(242 47 229 244)
4(244 229 24 161)
4(243 244 161 23)
4(33 240 247 171)
4(240 81 245 247)
4(247 245 49 246)
4(171 247 246 32)
4(32 246 250 170)
4(246 49 248 250)
4(250 248 82 249)
4(170 250 249 31)
4(22 207 252 160)
4(207 51 251 252)
4(252 251 78 243)
4(160 252 243 23)
4(31 249 255 169)
4(249 82 253 255)
4(255 253 59 254)
4(169 255 254 30)
4(110 256 260 259)
4(256 127 257 260)
4(260 257 70 258)
4(259 260 258 101)
4(62 261 263 262)
4(261 20 157 263)
4(263 157 2 167)
4(262 263 167 29)
4(20 261 265 158)
4(261 62 264 265)
4(265 264 58 208)
4(158 265 208 21)
4(59 266 267 254)
4(266 62 262 267)
4(267 262 29 168)
4(254 267 168 30)
4(61 268 271 219)
4(268 99 269 271)
4(271 269 71 270)
4(219 271 270 55)
4(132 272 276 275)
4(272 136 273 276)
4(276 273 120 274)
4(275 276 274 125)
4(136 277 279 273)
4(277 127 256 279)
4(279 256 110 278)
4(273 279 278 120)
4(74 280 283 282)
4(280 52 281 283)
4(17 153 283 281)
4(153 16 282 283)
4(108 284 288 287)
4(284 118 285 288)
4(288 285 114 286)
4(287 288 286 98)
4(118 289 291 285)
4(289 132 275 291)
4(291 275 125 290)
4(285 291 290 114)
4(80 292 294 234)
4(292 91 293 294)
4(294 293 99 268)
4(234 294 268 61)
4(77 295 297 296)
4(295 58 264 297)
4(297 264 62 266)
4(296 297 266 59)
4(48 298 300 210)
4(298 101 258 300)
4(300 258 70 299)
4(210 300 299 57)
4(110 259 303 302)
4(259 101 301 303)
4(303 301 71 269)
4(302 303 269 99)
4(51 304 307 251)
4(304 76 305 307)
4(307 305 92 306)
4(251 307 306 78)
4(78 306 310 242)
4(306 92 308 310)
4(310 308 115 309)
4(242 310 309 47)
4(47 309 312 227)
4(309 115 311 312)
4(312 311 91 292)
4(227 312 292 80)
4(75 313 315 314)
4(313 44 238 315)
4(315 238 34 173)
4(314 315 173 35)
4(58 295 317 206)
4(295 77 316 317)
4(317 316 76 304)
4(206 317 304 51)
4(97 318 321 320)
4(318 108 287 321)
4(321 287 98 319)
4(320 321 319 102)
4(57 299 324 236)
4(299 70 322 324)
4(324 322 93 323)
4(236 324 323 79)
4(152 15 215 326)
4(215 63 325 326)
4(326 325 74 282)
4(16 152 326 282)
4(120 278 328 327)
4(278 110 302 328)
4(328 302 99 293)
4(327 328 293 91)
4(49 329 331 248)
4(329 97 320 331)
4(331 320 102 330)
4(248 331 330 82)
4(77 296 333 332)
4(296 59 253 333)
4(333 253 82 330)
4(332 333 330 102)
4(135 334 337 336)
4(334 109 335 337)
4(337 335 127 277)
4(336 337 277 136)
4(98 338 339 319)
4(338 76 316 339)
4(339 316 77 332)
4(319 339 332 102)
4(81 340 342 245)
4(340 113 341 342)
4(342 341 97 329)
4(245 342 329 49)
4(125 343 345 290)
4(343 115 308 345)
4(345 308 92 344)
4(290 345 344 114)
4(115 343 346 311)
4(343 125 274 346)
4(346 274 120 327)
4(311 346 327 91)
4(114 344 347 286)
4(344 92 305 347)
4(347 305 76 338)
4(286 347 338 98)
4(36 348 350 174)
4(348 53 349 350)
4(350 349 75 314)
4(174 350 314 35)
4(79 323 353 231)
4(323 93 351 353)
4(353 351 100 352)
4(231 353 352 45)
4(45 352 356 214)
4(352 100 354 356)
4(356 354 69 355)
4(214 356 355 63)
4(142 357 360 359)
4(357 126 358 360)
4(360 358 109 334)
4(359 360 334 135)
4(109 361 362 335)
4(361 93 322 362)
4(362 322 70 257)
4(335 362 257 127)
4(64 363 367 366)
4(363 83 364 367)
4(367 364 103 365)
4(366 367 365 117)
4(126 368 369 358)
4(368 100 351 369)
4(369 351 93 361)
4(358 369 361 109)
4(83 370 373 364)
4(370 46 371 373)
4(373 371 94 372)
4(364 373 372 103)
4(100 368 376 354)
4(368 126 374 376)
4(376 374 106 375)
4(354 376 375 69)
4(52 377 379 281)
4(377 84 378 379)
4(18 154 379 378)
4(154 17 281 379)
4(130 380 382 381)
4(380 106 374 382)
4(382 374 126 357)
4(381 382 357 142)
4(44 383 385 239)
4(383 88 384 385)
4(385 384 113 340)
4(239 385 340 81)
4(41 386 388 184)
4(386 83 363 388)
4(388 363 64 387)
4(184 388 387 6)
4(136 272 391 336)
4(272 132 389 391)
4(391 389 141 390)
4(336 391 390 135)
4(41 183 393 386)
4(183 7 392 393)
4(393 392 46 370)
4(386 393 370 83)
4(75 394 396 313)
4(394 96 395 396)
4(396 395 88 383)
4(313 396 383 44)
4(95 397 399 398)
4(397 74 325 399)
4(399 325 63 355)
4(398 399 355 69)
4(53 400 402 349)
4(400 112 401 402)
4(402 401 96 394)
4(349 402 394 75)
4(85 403 407 406)
4(403 89 404 407)
4(407 404 116 405)
4(406 407 405 50)
4(65 408 411 410)
4(408 86 409 411)
4(411 409 42 185)
4(410 411 185 8)
4(5 182 414 413)
4(182 40 412 414)
4(414 412 85 406)
4(413 414 406 50)
4(84 415 417 378)
4(415 56 416 417)
4(19 155 417 416)
4(155 18 378 417)
4(42 409 419 186)
4(409 86 418 419)
4(419 418 46 392)
4(186 419 392 7)
4(134 191 421 420)
4(191 141 389 421)
4(421 389 132 289)
4(420 421 289 118)
4(40 181 423 412)
4(181 6 387 423)
4(423 387 64 422)
4(412 423 422 85)
4(96 424 427 395)
4(424 122 425 427)
4(427 425 107 426)
4(395 427 426 88)
4(119 428 431 430)
4(428 128 429 431)
4(431 429 116 404)
4(430 431 404 89)
4(117 365 435 434)
4(365 103 432 435)
4(435 432 121 433)
4(434 435 433 138)
4(124 436 438 437)
4(436 113 384 438)
4(438 384 88 426)
4(437 438 426 107)
4(38 177 440 201)
4(177 4 439 440)
4(440 439 54 205)
4(201 440 205 68)
4(103 372 442 432)
4(372 94 200 442)
4(442 200 111 441)
4(432 442 441 121)
4(113 436 444 341)
4(436 124 443 444)
4(444 443 108 318)
4(341 444 318 97)
4(85 422 446 403)
4(422 64 366 446)
4(446 366 117 445)
4(403 446 445 89)
4(56 415 450 449)
4(415 84 447 450)
4(450 447 73 448)
4(449 450 448 65)
4(43 187 452 451)
4(1 156 452 187)
4(156 19 416 452)
4(451 452 416 56)
4(43 451 453 188)
4(451 56 449 453)
4(453 449 65 410)
4(188 453 410 8)
4(131 454 457 456)
4(454 134 455 457)
4(457 455 124 437)
4(456 457 437 107)
4(111 458 461 441)
4(458 123 459 461)
4(461 459 137 460)
4(441 461 460 121)
4(50 462 464 413)
4(462 87 463 464)
4(464 463 39 179)
4(413 464 179 5)
4(106 465 467 375)
4(465 123 466 467)
4(467 466 95 398)
4(375 467 398 69)
4(112 468 470 401)
4(468 129 469 470)
4(470 469 122 424)
4(401 470 424 96)
4(104 196 472 471)
4(196 87 462 472)
4(472 462 50 405)
4(471 472 405 116)
4(108 443 473 284)
4(443 124 455 473)
4(473 455 134 420)
4(284 473 420 118)
4(84 377 476 447)
4(377 52 474 476)
4(476 474 90 475)
4(447 476 475 73)
4(89 445 478 430)
4(445 117 434 478)
4(478 434 138 477)
4(430 478 477 119)
4(138 479 482 477)
4(479 143 480 482)
4(482 480 133 481)
4(477 482 481 119)
4(119 481 485 428)
4(481 133 483 485)
4(485 483 139 484)
4(428 485 484 128)
4(95 486 487 397)
4(486 90 474 487)
4(487 474 52 280)
4(397 487 280 74)
4(46 418 489 371)
4(418 86 488 489)
4(489 488 105 198)
4(371 489 198 94)
4(71 490 492 270)
4(490 60 491 492)
4(492 491 66 222)
4(270 492 222 55)
4(147 10 493 495)
4(493 60 494 495)
4(495 494 48 212)
4(11 147 495 212)
4(131 496 499 498)
4(496 139 483 499)
4(499 483 133 497)
4(498 499 497 140)
4(121 460 500 433)
4(460 137 193 500)
4(500 193 143 479)
4(433 500 479 138)
4(73 501 502 448)
4(501 105 488 502)
4(502 488 86 408)
4(448 502 408 65)
4(122 503 504 425)
4(503 139 496 504)
4(504 496 131 456)
4(425 504 456 107)
4(139 503 506 484)
4(503 122 469 506)
4(506 469 129 505)
4(484 506 505 128)
4(48 494 507 298)
4(494 60 490 507)
4(507 490 71 301)
4(298 507 301 101)
4(72 508 511 510)
4(508 112 400 511)
4(511 400 53 509)
4(510 511 509 67)
4(37 512 513 175)
4(512 67 509 513)
4(513 509 53 348)
4(175 513 348 36)
4(54 439 515 514)
4(439 4 180 515)
4(515 180 39 463)
4(514 515 463 87)
4(137 459 516 194)
4(459 123 465 516)
4(516 465 106 380)
4(194 516 380 130)
4(129 517 518 505)
4(517 104 471 518)
4(518 471 116 429)
4(505 518 429 128)
4(143 192 520 480)
4(192 130 519 520)
4(520 519 140 497)
4(480 520 497 133)
4(140 519 523 522)
4(519 130 381 523)
4(523 381 142 521)
4(522 523 521 144)
4(90 486 525 524)
4(486 95 466 525)
4(525 466 123 458)
4(524 525 458 111)
4(144 521 526 190)
4(521 142 359 526)
4(526 359 135 390)
4(190 526 390 141)
4(144 189 527 522)
4(189 134 454 527)
4(527 454 131 498)
4(522 527 498 140)
4(90 524 528 475)
4(524 111 199 528)
4(528 199 105 501)
4(475 528 501 73)
4(146 9 225 529)
4(225 66 491 529)
4(529 491 60 493)
4(10 146 529 493)
4(112 508 530 468)
4(508 72 197 530)
4(530 197 104 517)
4(468 530 517 129)
4(37 176 531 512)
4(176 3 202 531)
4(531 202 68 204)
4(512 531 204 67)
4(72 510 532 195)
4(510 67 203 532)
4(532 203 54 514)
4(195 532 514 87)
4(134 189 533 191)
4(189 144 190 533)
4(191 533 190 141)
4(130 192 534 194)
4(192 143 193 534)
4(194 534 193 137)
4(72 195 535 197)
4(195 87 196 535)
4(197 535 196 104)
4(94 198 536 200)
4(198 105 199 536)
4(200 536 199 111)
4(3 178 537 202)
4(178 38 201 537)
4(202 537 201 68)
4(54 203 538 205)
4(203 67 204 538)
4(205 538 204 68)
4(602 605 604 603)
4(603 604 607 606)
4(604 544 545 607)
4(605 543 544 604)
4(608 611 610 609)
4(609 610 613 612)
4(12 613 610 148)
4(148 610 611 11)
4(614 617 616 615)
4(615 616 619 618)
4(15 619 616 151)
4(151 616 617 14)
4(553 554 621 620)
4(620 621 623 622)
4(621 625 624 623)
4(554 555 625 621)
4(624 625 627 626)
4(626 627 629 628)
4(627 556 557 629)
4(625 555 556 627)
4(145 630 558 0)
4(558 630 629 557)
4(630 631 628 629)
4(9 631 630 145)
4(632 635 634 633)
4(633 634 637 636)
4(634 550 551 637)
4(635 549 550 634)
4(638 641 640 639)
4(639 640 617 614)
4(14 617 640 150)
4(150 640 641 13)
4(636 637 643 642)
4(642 643 620 622)
4(643 552 553 620)
4(637 551 552 643)
4(149 644 613 12)
4(613 644 645 612)
4(644 641 638 645)
4(13 641 644 149)
4(570 569 647 646)
4(646 647 649 648)
4(647 651 650 649)
4(569 568 651 647)
4(652 655 654 653)
4(653 654 635 632)
4(654 548 549 635)
4(655 547 548 654)
4(568 567 656 651)
4(651 656 657 650)
4(656 659 658 657)
4(567 566 659 656)
4(566 565 660 659)
4(659 660 661 658)
4(660 663 662 661)
4(565 564 663 660)
4(545 546 664 607)
4(607 664 665 606)
4(664 655 652 665)
4(546 547 655 664)
4(564 563 666 663)
4(663 666 667 662)
4(666 669 668 667)
4(563 562 669 666)
4(670 673 672 671)
4(671 672 675 674)
4(672 677 676 675)
4(673 678 677 672)
4(679 682 681 680)
4(680 681 540 541)
4(681 559 539 540)
4(682 560 559 681)
4(541 542 683 680)
4(680 683 684 679)
4(683 605 602 684)
4(542 543 605 683)
4(668 669 686 685)
4(685 686 682 679)
4(686 561 560 682)
4(669 562 561 686)
4(622 623 688 687)
4(687 688 690 689)
4(688 692 691 690)
4(623 624 692 688)
4(693 696 695 694)
4(694 695 698 697)
4(695 700 699 698)
4(696 701 700 695)
4(697 698 703 702)
4(702 703 671 674)
4(703 704 670 671)
4(698 699 704 703)
4(705 708 707 706)
4(706 707 710 709)
4(17 710 707 153)
4(153 707 708 16)
4(711 714 713 712)
4(712 713 716 715)
4(713 718 717 716)
4(714 719 718 713)
4(715 716 721 720)
4(720 721 696 693)
4(721 722 701 696)
4(716 717 722 721)
4(636 642 724 723)
4(723 724 726 725)
4(724 687 689 726)
4(642 622 687 724)
4(727 730 729 728)
4(728 729 684 602)
4(729 685 679 684)
4(730 668 685 729)
4(608 609 732 731)
4(731 732 677 678)
4(732 733 676 677)
4(609 612 733 732)
4(670 735 734 673)
4(673 734 736 678)
4(734 690 691 736)
4(735 689 690 734)
4(606 665 738 737)
4(737 738 740 739)
4(738 742 741 740)
4(665 652 742 738)
4(652 653 743 742)
4(742 743 744 741)
4(743 746 745 744)
4(653 632 746 743)
4(632 633 747 746)
4(746 747 748 745)
4(747 723 725 748)
4(633 636 723 747)
4(749 752 751 750)
4(750 751 646 648)
4(751 571 570 646)
4(752 572 571 751)
4(602 603 753 728)
4(728 753 754 727)
4(753 737 739 754)
4(603 606 737 753)
4(755 758 757 756)
4(756 757 714 711)
4(757 759 719 714)
4(758 760 759 757)
4(612 645 761 733)
4(733 761 762 676)
4(761 764 763 762)
4(645 638 764 761)
4(152 765 619 15)
4(619 765 766 618)
4(765 708 705 766)
4(16 708 765 152)
4(699 768 767 704)
4(704 767 735 670)
4(767 726 689 735)
4(768 725 726 767)
4(658 661 770 769)
4(769 770 758 755)
4(770 771 760 758)
4(661 662 771 770)
4(727 773 772 730)
4(730 772 667 668)
4(772 771 662 667)
4(773 760 771 772)
4(774 777 776 775)
4(775 776 779 778)
4(776 702 674 779)
4(777 697 702 776)
4(719 759 781 780)
4(780 781 754 739)
4(781 773 727 754)
4(759 760 773 781)
4(650 657 783 782)
4(782 783 785 784)
4(783 769 755 785)
4(657 658 769 783)
4(701 722 787 786)
4(786 787 744 745)
4(787 788 741 744)
4(722 717 788 787)
4(745 748 789 786)
4(786 789 700 701)
4(789 768 699 700)
4(748 725 768 789)
4(717 718 790 788)
4(788 790 740 741)
4(790 780 739 740)
4(718 719 780 790)
4(574 573 792 791)
4(791 792 794 793)
4(792 752 749 794)
4(573 572 752 792)
4(638 639 795 764)
4(764 795 796 763)
4(795 798 797 796)
4(639 614 798 795)
4(614 615 799 798)
4(798 799 800 797)
4(799 802 801 800)
4(615 618 802 799)
4(803 806 805 804)
4(804 805 808 807)
4(805 775 778 808)
4(806 774 775 805)
4(778 779 810 809)
4(809 810 762 763)
4(810 675 676 762)
4(779 674 675 810)
4(811 814 813 812)
4(812 813 816 815)
4(813 818 817 816)
4(814 819 818 813)
4(807 808 821 820)
4(820 821 796 797)
4(821 809 763 796)
4(808 778 809 821)
4(815 816 823 822)
4(822 823 825 824)
4(823 827 826 825)
4(816 817 827 823)
4(797 800 828 820)
4(820 828 829 807)
4(828 831 830 829)
4(800 801 831 828)
4(709 710 833 832)
4(832 833 835 834)
4(18 835 833 154)
4(154 833 710 17)
4(836 839 838 837)
4(837 838 829 830)
4(838 804 807 829)
4(839 803 804 838)
4(648 649 841 840)
4(840 841 843 842)
4(841 782 784 843)
4(649 650 782 841)
4(593 594 845 844)
4(844 845 812 815)
4(845 846 811 812)
4(594 587 846 845)
4(697 777 847 694)
4(694 847 848 693)
4(847 850 849 848)
4(777 774 850 847)
4(593 844 851 592)
4(592 851 852 591)
4(851 822 824 852)
4(844 815 822 851)
4(749 750 854 853)
4(853 854 856 855)
4(854 840 842 856)
4(750 648 840 854)
4(857 860 859 858)
4(858 859 766 705)
4(859 802 618 766)
4(860 801 802 859)
4(793 794 862 861)
4(861 862 864 863)
4(862 853 855 864)
4(794 749 853 862)
4(865 868 867 866)
4(866 867 870 869)
4(867 872 871 870)
4(868 873 872 867)
4(874 877 876 875)
4(875 876 879 878)
4(876 596 597 879)
4(877 595 596 876)
4(583 881 880 590)
4(590 880 882 589)
4(880 868 865 882)
4(881 873 868 880)
4(834 835 884 883)
4(883 884 886 885)
4(19 886 884 155)
4(155 884 835 18)
4(597 598 887 879)
4(879 887 888 878)
4(887 852 824 888)
4(598 591 852 887)
4(889 892 891 890)
4(890 891 848 849)
4(891 720 693 848)
4(892 715 720 891)
4(589 882 893 588)
4(588 893 846 587)
4(893 894 811 846)
4(882 865 894 893)
4(855 856 896 895)
4(895 896 898 897)
4(896 900 899 898)
4(856 842 900 896)
4(901 904 903 902)
4(902 903 906 905)
4(903 870 871 906)
4(904 869 870 903)
4(819 908 907 818)
4(818 907 909 817)
4(907 911 910 909)
4(908 912 911 907)
4(913 916 915 914)
4(914 915 843 784)
4(915 900 842 843)
4(916 899 900 915)
4(581 918 917 580)
4(580 917 919 579)
4(917 921 920 919)
4(918 922 921 917)
4(817 909 923 827)
4(827 923 924 826)
4(923 926 925 924)
4(909 910 926 923)
4(784 785 927 914)
4(914 927 928 913)
4(927 756 711 928)
4(785 755 756 927)
4(865 866 929 894)
4(894 929 814 811)
4(929 930 819 814)
4(866 869 930 929)
4(885 932 931 883)
4(883 931 933 834)
4(931 935 934 933)
4(932 874 935 931)
4(600 937 936 599)
4(1 599 936 156)
4(156 936 886 19)
4(937 885 886 936)
4(600 601 938 937)
4(937 938 932 885)
4(938 877 874 932)
4(601 595 877 938)
4(939 942 941 940)
4(940 941 943 889)
4(941 916 913 943)
4(942 899 916 941)
4(925 926 945 944)
4(944 945 947 946)
4(945 949 948 947)
4(926 910 949 945)
4(873 881 951 950)
4(950 951 953 952)
4(951 584 585 953)
4(881 583 584 951)
4(830 831 955 954)
4(954 955 956 946)
4(955 860 857 956)
4(831 801 860 955)
4(863 864 958 957)
4(957 958 960 959)
4(958 895 897 960)
4(864 855 895 958)
4(961 964 963 962)
4(962 963 950 952)
4(963 872 873 950)
4(964 871 872 963)
4(711 712 965 928)
4(928 965 943 913)
4(965 892 889 943)
4(712 715 892 965)
4(834 933 966 832)
4(832 966 967 709)
4(966 969 968 967)
4(933 934 969 966)
4(869 904 970 930)
4(930 970 908 819)
4(970 971 912 908)
4(904 901 971 970)
4(912 971 973 972)
4(972 973 975 974)
4(973 977 976 975)
4(971 901 977 973)
4(901 902 978 977)
4(977 978 979 976)
4(978 981 980 979)
4(902 905 981 978)
4(857 858 983 982)
4(982 983 967 968)
4(983 706 709 967)
4(858 705 706 983)
4(824 825 984 888)
4(888 984 985 878)
4(984 987 986 985)
4(825 826 987 984)
4(691 692 989 988)
4(988 989 991 990)
4(989 626 628 991)
4(692 624 626 989)
4(147 993 992 10)
4(992 993 994 990)
4(993 611 608 994)
4(11 611 993 147)
4(939 997 996 995)
4(995 996 979 980)
4(996 998 976 979)
4(997 999 998 996)
4(910 911 1000 949)
4(949 1000 1001 948)
4(1000 972 974 1001)
4(911 912 972 1000)
4(934 935 1003 1002)
4(1002 1003 985 986)
4(1003 875 878 985)
4(935 874 875 1003)
4(897 898 1005 1004)
4(1004 1005 995 980)
4(1005 942 939 995)
4(898 899 942 1005)
4(980 981 1006 1004)
4(1004 1006 960 897)
4(1006 1007 959 960)
4(981 905 1007 1006)
4(608 731 1008 994)
4(994 1008 988 990)
4(1008 736 691 988)
4(731 678 736 1008)
4(1009 1012 1011 1010)
4(1010 1011 861 863)
4(1011 1013 793 861)
4(1012 1014 1013 1011)
4(576 575 1016 1015)
4(1015 1016 1013 1014)
4(1016 791 793 1013)
4(575 574 791 1016)
4(920 1018 1017 919)
4(919 1017 586 579)
4(1017 953 585 586)
4(1018 952 953 1017)
4(948 1020 1019 947)
4(947 1019 954 946)
4(1019 837 830 954)
4(1020 836 837 1019)
4(959 1007 1022 1021)
4(1021 1022 964 961)
4(1022 906 871 964)
4(1007 905 906 1022)
4(974 975 1024 1023)
4(1023 1024 1025 836)
4(1024 998 999 1025)
4(975 976 998 1024)
4(999 1027 1026 1025)
4(1025 1026 839 836)
4(1026 1028 803 839)
4(1027 1029 1028 1026)
4(968 1031 1030 982)
4(982 1030 956 857)
4(1030 944 946 956)
4(1031 925 944 1030)
4(1029 1033 1032 1028)
4(1028 1032 806 803)
4(1032 850 774 806)
4(1033 849 850 1032)
4(1029 1027 1035 1034)
4(1034 1035 940 889)
4(1035 997 939 940)
4(1027 999 997 1035)
4(968 969 1036 1031)
4(1031 1036 1037 925)
4(1036 1002 986 1037)
4(969 934 1002 1036)
4(146 1038 631 9)
4(631 1038 991 628)
4(1038 992 990 991)
4(10 992 1038 146)
4(863 957 1039 1010)
4(1010 1039 1040 1009)
4(1039 1021 961 1040)
4(957 959 1021 1039)
4(576 1015 1041 577)
4(577 1041 1042 578)
4(1041 1043 922 1042)
4(1015 1014 1043 1041)
4(1009 1045 1044 1012)
4(1012 1044 1046 1014)
4(1044 1018 920 1046)
4(1045 952 1018 1044)
4(889 890 1047 1034)
4(1034 1047 1033 1029)
4(890 849 1033 1047)
4(836 1020 1048 1023)
4(1023 1048 1001 974)
4(1020 948 1001 1048)
4(1009 1040 1049 1045)
4(1045 1049 962 952)
4(1040 961 962 1049)
4(826 924 1050 987)
4(987 1050 1037 986)
4(924 925 1037 1050)
4(578 1042 1051 582)
4(582 1051 918 581)
4(1042 922 918 1051)
4(920 921 1052 1046)
4(1046 1052 1043 1014)
4(921 922 1043 1052)
4(177 580 579 4)
4(38 581 580 177)
4(178 582 581 38)
4(3 578 582 178)
4(5 179 584 583)
4(179 39 585 584)
4(180 586 585 39)
4(4 579 586 180)
4(181 588 587 6)
4(40 589 588 181)
4(182 590 589 40)
4(5 583 590 182)
4(183 592 591 7)
4(41 593 592 183)
4(41 184 594 593)
4(184 6 587 594)
4(8 185 596 595)
4(185 42 597 596)
4(42 186 598 597)
4(186 7 591 598)
3(1 187 599)
4(43 600 599 187)
4(43 188 601 600)
4(188 8 595 601)
4(159 22 545 544)
4(21 159 544 543)
4(26 164 554 553)
4(164 27 555 554)
4(165 28 557 556)
4(27 165 556 555)
3(0 558 166)
4(166 558 557 28)
4(162 25 551 550)
4(24 162 550 549)
4(163 26 553 552)
4(25 163 552 551)
4(161 24 549 548)
4(23 161 548 547)
4(22 160 546 545)
4(160 23 547 546)
4(20 541 540 157)
4(157 540 539 2)
4(20 158 542 541)
4(158 21 543 542)
4(34 172 569 570)
4(172 33 568 569)
4(33 171 567 568)
4(171 32 566 567)
4(32 170 565 566)
4(170 31 564 565)
4(31 169 563 564)
4(169 30 562 563)
4(167 2 539 559)
4(29 167 559 560)
4(168 29 560 561)
4(30 168 561 562)
4(173 34 570 571)
4(35 173 571 572)
4(36 174 573 574)
4(174 35 572 573)
4(37 175 575 576)
4(175 36 574 575)
4(37 576 577 176)
4(176 577 578 3)
)


// ************************************************************************* //
