/*--------------------------------*- C++ -*----------------------------------*\
| =========                 |                                                 |
| \\      /  F ield         | OpenFOAM: The Open Source CFD Toolbox           |
|  \\    /   O peration     | Version:  4.1                                   |
|   \\  /    A nd           | Web:      www.OpenFOAM.org                      |
|    \\/     M anipulation  |                                                 |
\*---------------------------------------------------------------------------*/
FoamFile
{
    version     2.0;
    format      ascii;
    class       vectorField;
    location    "constant/Calorimeter_rotated/polyMesh";
    object      points;
}
// * * * * * * * * * * * * * * * * * * * * * * * * * * * * * * * * * * * * * //


1053
(
(1.7431528e-32 -1.7431528e-32 15)
(1.9721523e-31 9.4205548e-16 21)
(-3.5355339 3.5355339 15)
(-3.5355339 3.5355339 19.976)
(-3.1819805 3.1819805 20.196)
(-2.5455844 2.5455844 20.499)
(-1.9091883 1.9091883 20.724)
(-1.2727922 1.2727922 20.879)
(-0.6363961 0.6363961 20.97)
(0 0 15.5)
(0 0 16)
(0 0 16.5)
(0 0 17)
(0 0 17.5)
(0 0 18)
(0 0 18.5)
(0 0 19)
(0 0 19.5)
(0 0 20)
(0 0 20.5)
(-3.1819805 3.1819805 15)
(-2.8284271 2.8284271 15)
(-2.4748737 2.4748737 15)
(-2.1213203 2.1213203 15)
(-1.767767 1.767767 15)
(-1.4142136 1.4142136 15)
(-1.0606602 1.0606602 15)
(-0.70710678 0.70710678 15)
(-0.35355339 0.35355339 15)
(-3.5355339 3.5355339 15.4976)
(-3.5355339 3.5355339 15.9952)
(-3.5355339 3.5355339 16.4928)
(-3.5355339 3.5355339 16.9904)
(-3.5355339 3.5355339 17.488)
(-3.5355339 3.5355339 17.9856)
(-3.5355339 3.5355339 18.4832)
(-3.5355339 3.5355339 18.9808)
(-3.5355339 3.5355339 19.4784)
(-3.3587572 3.3587572 20.086)
(-2.8637825 2.8637825 20.3475)
(-2.2273864 2.2273864 20.6115)
(-1.5909903 1.5909903 20.8015)
(-0.95459415 0.95459415 20.9245)
(-0.31819805 0.31819805 20.985)
(-3.1948837 3.1948837 18.007075)
(-0.35142339 0.35142339 17.997464)
(-1.2397204 1.2397204 20.423261)
(-1.7669981 1.7669981 15.499269)
(-0.35255951 0.35255951 16.497447)
(-3.1838894 3.1838894 17.001853)
(-2.4631523 2.4631523 20.02091)
(-2.47484 2.47484 15.500059)
(-0.33785404 0.33785404 19.508413)
(-3.2114196 3.2114196 18.993429)
(-3.1144413 3.1144413 19.872952)
(-0.706565 0.706565 15.498734)
(-0.32133873 0.32133873 20.494683)
(-0.35223907 0.35223907 16.996431)
(-2.8286461 2.8286461 15.499605)
(-3.1823008 3.1823008 15.998127)
(-0.3529171 0.3529171 15.998462)
(-1.0599505 1.0599505 15.498482)
(-3.1821806 3.1821806 15.498699)
(-0.34970163 0.34970163 18.500996)
(-1.8445901 1.8445901 20.25313)
(-0.63777983 0.63777983 20.487417)
(-0.35324974 0.35324974 15.499291)
(-3.2097605 3.2097605 19.522241)
(-3.3100808 3.3100808 19.859934)
(-0.70129696 0.70129696 18.501293)
(-0.70389964 0.70389964 16.991824)
(-0.70582419 0.70582419 15.99708)
(-2.8981548 2.8981548 19.430091)
(-0.65056554 0.65056554 20.015518)
(-0.34560962 0.34560962 19.0058)
(-3.2042345 3.2042345 18.503054)
(-2.4737745 2.4737745 16.002024)
(-2.8284611 2.8284611 16.00071)
(-2.120861 2.120861 15.499896)
(-0.35197401 0.35197401 17.496101)
(-1.4133951 1.4133951 15.498671)
(-3.1876965 3.1876965 17.505528)
(-3.1825767 3.1825767 16.499042)
(-1.5389622 1.5389622 20.346767)
(-0.32812069 0.32812069 20.004263)
(-2.1530971 2.1530971 20.145627)
(-0.94337209 0.94337209 20.468907)
(-2.8021586 2.8021586 19.839081)
(-2.8532979 2.8532979 18.037736)
(-2.0774537 2.0774537 19.691133)
(-0.67727451 0.67727451 19.527065)
(-1.4112835 1.4112835 15.996638)
(-2.1187459 2.1187459 16.001169)
(-0.70366972 0.70366972 17.490177)
(-1.1966287 1.1966287 20.00639)
(-0.6943187 0.6943187 19.014381)
(-2.8763514 2.8763514 18.531848)
(-2.8291271 2.8291271 17.015207)
(-2.4708631 2.4708631 16.509182)
(-1.0585999 1.0585999 15.996232)
(-0.70372825 0.70372825 17.992863)
(-0.70482481 0.70482481 16.494703)
(-2.8280229 2.8280229 16.505263)
(-1.4771633 1.4771633 19.903428)
(-2.6520573 2.6520573 19.460703)
(-0.94590639 0.94590639 20.040275)
(-1.0570218 1.0570218 18.501635)
(-2.5073596 2.5073596 18.090165)
(-2.4668028 2.4668028 17.028072)
(-1.0534355 1.0534355 17.48011)
(-1.0562416 1.0562416 16.492316)
(-1.0541803 1.0541803 19.598084)
(-2.8974424 2.8974424 19.00334)
(-2.8363874 2.8363874 17.528877)
(-2.1127443 2.1127443 16.506507)
(-1.7644526 1.7644526 15.998689)
(-2.3757275 2.3757275 19.575115)
(-1.7765692 1.7765692 19.800058)
(-2.098042 2.098042 17.023202)
(-2.0017704 2.0017704 19.243795)
(-1.406661 1.406661 16.49253)
(-1.4074802 1.4074802 19.456767)
(-2.5525474 2.5525474 18.58516)
(-1.0464667 1.0464667 19.018727)
(-2.4732103 2.4732103 17.563396)
(-1.7578142 1.7578142 16.498213)
(-1.05783 1.05783 17.983066)
(-1.0535897 1.0535897 16.986161)
(-2.301011 2.301011 19.133745)
(-2.5985869 2.5985869 19.046798)
(-1.4561476 1.4561476 18.532585)
(-2.1588012 2.1588012 18.186516)
(-1.7430264 1.7430264 16.995249)
(-1.9193854 1.9193854 18.795529)
(-2.0465028 2.0465028 17.618289)
(-1.3958513 1.3958513 17.465123)
(-1.3994564 1.3994564 16.983239)
(-1.3693792 1.3693792 19.00853)
(-1.7063351 1.7063351 19.35619)
(-2.2323251 2.2323251 18.673922)
(-1.8236771 1.8236771 18.330269)
(-1.7167902 1.7167902 17.46176)
(-1.4111955 1.4111955 17.95183)
(-1.6317135 1.6317135 18.935545)
(-1.7374918 1.7374918 17.869833)
(0 0 15.25)
(0 0 15.75)
(0 0 16.25)
(0 0 16.75)
(0 0 17.25)
(0 0 17.75)
(0 0 18.25)
(0 0 18.75)
(0 0 19.25)
(0 0 19.75)
(0 0 20.25)
(0 0 20.75)
(-3.3587572 3.3587572 15)
(-3.0052038 3.0052038 15)
(-2.6516504 2.6516504 15)
(-2.298097 2.298097 15)
(-1.9445436 1.9445436 15)
(-1.5909903 1.5909903 15)
(-1.2374369 1.2374369 15)
(-0.88388348 0.88388348 15)
(-0.53033009 0.53033009 15)
(-0.1767767 0.1767767 15)
(-3.5355339 3.5355339 15.2488)
(-3.5355339 3.5355339 15.7464)
(-3.5355339 3.5355339 16.244)
(-3.5355339 3.5355339 16.7416)
(-3.5355339 3.5355339 17.2392)
(-3.5355339 3.5355339 17.7368)
(-3.5355339 3.5355339 18.2344)
(-3.5355339 3.5355339 18.732)
(-3.5355339 3.5355339 19.2296)
(-3.5355339 3.5355339 19.7272)
(-3.2703689 3.2703689 20.141)
(-3.4471456 3.4471456 20.031)
(-2.7046834 2.7046834 20.42325)
(-3.0228815 3.0228815 20.27175)
(-2.0682873 2.0682873 20.66775)
(-2.3864854 2.3864854 20.55525)
(-1.4318912 1.4318912 20.84025)
(-1.7500893 1.7500893 20.76275)
(-0.79549513 0.79549513 20.94725)
(-1.1136932 1.1136932 20.90175)
(-0.15909903 0.15909903 20.9925)
(-0.47729708 0.47729708 20.9775)
(-1.8814234 1.8814234 17.789552)
(-1.7148402 1.7148402 17.666482)
(-1.8658653 1.8658653 17.497754)
(-1.574099 1.574099 18.746394)
(-1.5036087 1.5036087 18.987268)
(-1.3842102 1.3842102 18.794904)
(-2.8728394 2.8728394 19.616697)
(-2.6997445 2.6997445 19.641189)
(-2.7739108 2.7739108 19.427722)
(-1.0724203 1.0724203 20.03859)
(-0.97225954 0.97225954 19.840169)
(-1.153183 1.153183 19.818172)
(-3.3291288 3.3291288 19.979125)
(-3.406721 3.406721 19.872121)
(-3.1338292 3.1338292 19.713175)
(-3.2837818 3.2837818 19.71951)
(-3.2185631 3.2185631 19.870883)
(-2.6517539 2.6517539 15.499929)
(-2.4748997 2.4748997 15.249948)
(-2.8285502 2.8285502 15.249736)
(-2.6517235 2.6517235 15.249891)
(-0.35238266 0.35238266 16.7469)
(-0.17613814 0.17613814 16.99828)
(-0.17628855 0.17628855 16.498736)
(-0.17620588 0.17620588 16.748483)
(-0.3507713 0.3507713 18.248985)
(-0.17472356 0.17472356 18.500546)
(-0.17565056 0.17565056 17.998865)
(-0.17528891 0.17528891 18.249598)
(-1.0603392 1.0603392 15.24928)
(-0.88324167 0.88324167 15.498555)
(-0.70684563 0.70684563 15.249388)
(-0.8835804 0.8835804 15.249308)
(-0.5298967 0.5298967 15.498984)
(-0.35340424 0.35340424 15.249654)
(-0.5301191 0.5301191 15.249506)
(-0.17662083 0.17662083 15.499637)
(-0.17669995 0.17669995 15.249822)
(-1.5901361 1.5901361 15.498934)
(-1.4138602 1.4138602 15.24937)
(-1.7674623 1.7674623 15.249626)
(-1.5906267 1.5906267 15.249484)
(-0.3517713 0.3517713 17.746516)
(-0.17598471 0.17598471 17.498173)
(-0.17585554 0.17585554 17.748392)
(-1.2366356 1.2366356 15.498508)
(-1.2370771 1.2370771 15.249293)
(-0.35209556 0.35209556 17.246102)
(-0.17606019 0.17606019 17.248145)
(-3.36525 3.36525 17.995839)
(-3.1909164 3.1909164 17.756896)
(-3.3618014 3.3618014 17.496463)
(-3.3633664 3.3633664 17.746459)
(-1.943859 1.943859 15.499625)
(-2.121161 2.121161 15.249887)
(-1.9442737 1.9442737 15.24978)
(-3.1853939 3.1853939 17.253834)
(-3.3598814 3.3598814 16.996033)
(-3.3606548 3.3606548 17.246343)
(-3.1830035 3.1830035 16.750306)
(-3.3591458 3.3591458 16.495939)
(-3.3593971 3.3593971 16.74594)
(-2.297813 2.297813 15.500085)
(-2.2980083 2.2980083 15.249968)
(-3.1823657 3.1823657 16.248405)
(-3.3589487 3.3589487 15.996701)
(-3.3590041 3.3590041 16.246242)
(-1.0547907 1.0547907 16.739497)
(-0.8790706 0.8790706 16.989042)
(-0.70428085 0.70428085 16.743254)
(-0.88062548 0.88062548 16.493363)
(-0.87972021 0.87972021 16.741278)
(-3.1820856 3.1820856 15.249311)
(-3.3588656 3.3588656 15.498168)
(-3.3588118 3.3588118 15.249067)
(-3.0054294 3.0054294 15.499215)
(-3.0053224 3.0053224 15.249557)
(-3.1822311 3.1822311 15.748306)
(-3.3588991 3.3588991 15.747383)
(-1.059363 1.059363 15.747491)
(-0.88220975 0.88220975 15.996539)
(-0.7062159 0.7062159 15.747973)
(-0.88276948 0.88276948 15.747646)
(-1.570981 1.570981 16.986466)
(-1.4031809 1.4031809 16.738916)
(-1.5818557 1.5818557 16.494695)
(-1.7516963 1.7516963 16.747679)
(-1.5769564 1.5769564 16.741953)
(-1.2270077 1.2270077 16.983915)
(-1.2314456 1.2314456 16.491916)
(-1.2291298 1.2291298 16.73851)
(-0.34218177 0.34218177 19.257751)
(-0.1688653 0.1688653 19.50373)
(-0.17261503 0.17261503 19.002719)
(-0.17091993 0.17091993 19.253531)
(-2.2820961 2.2820961 17.029753)
(-2.106909 2.106909 16.762625)
(-2.29154 2.29154 16.508973)
(-2.4686177 2.4686177 16.766735)
(-2.2873664 2.2873664 16.7668)
(-1.9178095 1.9178095 17.009615)
(-1.934541 1.934541 16.502688)
(-1.9279366 1.9279366 16.75559)
(-1.4125323 1.4125323 15.747795)
(-1.2348706 1.2348706 15.996218)
(-1.2358789 1.2358789 15.747514)
(-2.8285842 2.8285842 15.749907)
(-3.0054487 3.0054487 15.999577)
(-3.0054382 3.0054382 15.749222)
(-0.52873853 0.52873853 16.496077)
(-0.52817438 0.52817438 16.994278)
(-0.52841056 0.52841056 16.745134)
(-0.70531376 0.70531376 16.245973)
(-1.0574606 1.0574606 16.244532)
(-0.88142872 0.88142872 16.245108)
(-2.4744422 2.4744422 15.750701)
(-2.2961578 2.2961578 16.001954)
(-2.1200398 2.1200398 15.750297)
(-2.2971614 2.2971614 15.750715)
(-1.9413665 1.9413665 16.000058)
(-1.7659849 1.7659849 15.748973)
(-1.942869 1.942869 15.749715)
(-1.5876679 1.5876679 15.997496)
(-1.589127 1.589127 15.748302)
(-3.1995334 3.1995334 18.255983)
(-3.3696788 3.3696788 18.492763)
(-3.36748 3.36748 18.244709)
(-2.6511491 2.6511491 16.001679)
(-2.651512 2.651512 15.750512)
(-2.6491439 2.6491439 17.022394)
(-2.6496795 2.6496795 16.507903)
(-2.8280883 2.8280883 16.759683)
(-2.6489037 2.6489037 16.764104)
(-0.7036293 0.7036293 17.24066)
(-0.5278795 0.5278795 17.493509)
(-0.52796924 0.52796924 17.243646)
(-0.34802328 0.34802328 18.753407)
(-0.1738462 0.1738462 18.751663)
(-1.4092207 1.4092207 16.245004)
(-1.2332983 1.2332983 16.244421)
(-3.0071031 3.0071031 17.008457)
(-3.0055442 3.0055442 16.502365)
(-3.0059597 3.0059597 16.755123)
(-2.8281383 2.8281383 16.252566)
(-3.0053978 3.0053978 16.250668)
(-1.2261434 1.2261434 17.473088)
(-1.052908 1.052908 17.232842)
(-1.3963169 1.3963169 17.225452)
(-1.2256191 1.2256191 17.228651)
(-2.472432 2.472432 16.25482)
(-2.6503994 2.6503994 16.25415)
(-3.0128219 3.0128219 17.516305)
(-2.8316027 2.8316027 17.272222)
(-3.0092558 3.0092558 17.262597)
(-1.7616701 1.7616701 16.248548)
(-2.1162388 2.1162388 16.253193)
(-1.9385658 1.9385658 16.251061)
(-1.585182 1.585182 16.246433)
(-2.2941815 2.2941815 16.254627)
(-3.3732055 3.3732055 18.988196)
(-3.2085553 3.2085553 18.748542)
(-3.3716976 3.3716976 18.740297)
(-0.70376632 0.70376632 17.740821)
(-0.52739343 0.52739343 17.995581)
(-0.52772099 0.52772099 17.74411)
(-0.70299546 0.70299546 18.246491)
(-0.5251269 0.5251269 18.501353)
(-0.52657848 0.52657848 18.248076)
(-1.2354703 1.2354703 17.972402)
(-1.0551999 1.0551999 17.729754)
(-1.4003091 1.4003091 17.705587)
(-1.2293781 1.2293781 17.720029)
(-0.87894613 0.87894613 17.485875)
(-0.8786852 0.8786852 17.237066)
(-1.6911478 1.6911478 20.301627)
(-1.5097983 1.5097983 20.123936)
(-1.6263153 1.6263153 19.852022)
(-1.8109974 1.8109974 20.025323)
(-1.6595542 1.6595542 20.075743)
(-0.88043155 0.88043155 17.989108)
(-0.87964975 0.87964975 17.736382)
(-1.3883217 1.3883217 20.387954)
(-1.2207101 1.2207101 20.20853)
(-1.3317059 1.3317059 19.955974)
(-1.362898 1.362898 20.169361)
(-1.0592614 1.0592614 18.241321)
(-0.87830776 0.87830776 18.501257)
(-0.88019994 0.88019994 18.244479)
(-0.33287131 0.33287131 19.757326)
(-0.16430447 0.16430447 20.001771)
(-0.16652948 0.16652948 19.753178)
(-1.240622 1.240622 18.506842)
(-1.4290182 1.4290182 18.214517)
(-1.2425802 1.2425802 18.236425)
(-3.0244312 3.0244312 18.020741)
(-2.8437405 2.8437405 17.78481)
(-3.017965 3.017965 17.769564)
(-1.5654822 1.5654822 20.572947)
(-1.8771388 1.8771388 20.484619)
(-1.7209911 1.7209911 20.530781)
(-1.7304754 1.7304754 17.237045)
(-1.5604396 1.5604396 17.459286)
(-1.564342 1.564342 17.226628)
(-1.2565627 1.2565627 20.646451)
(-1.4106378 1.4106378 20.612168)
(-3.0398206 3.0398206 18.5155)
(-2.8645881 2.8645881 18.287274)
(-3.0320449 3.0320449 18.269788)
(-0.51927912 0.51927912 19.009755)
(-0.69838769 0.69838769 18.757387)
(-0.52274695 0.52274695 18.755455)
(-3.0522154 3.0522154 18.996838)
(-2.8879057 2.8879057 18.771086)
(-3.0471496 3.0471496 18.757941)
(-2.1152981 2.1152981 19.916969)
(-2.2274089 2.2274089 19.633884)
(-2.4186651 2.4186651 19.79514)
(-2.3077661 2.3077661 20.086069)
(-2.267332 2.267332 19.858144)
(-0.79219277 0.79219277 20.480417)
(-0.94844055 0.94844055 20.694974)
(-0.63642654 0.63642654 20.725393)
(-0.79310755 0.79310755 20.712286)
(-2.1904192 2.1904192 20.377394)
(-2.5056055 2.5056055 20.254475)
(-2.3475101 2.3475101 20.318672)
(-0.32413576 0.32413576 20.249788)
(-0.16092681 0.16092681 20.497346)
(-0.16236662 0.16236662 20.249728)
(-1.0918951 1.0918951 20.450314)
(-1.1026697 1.1026697 20.673598)
(-2.0823838 2.0823838 17.294917)
(-1.8999372 1.8999372 17.264601)
(-1.9986021 1.9986021 20.201102)
(-2.033617 2.033617 20.433017)
(-2.7141291 2.7141291 18.5546)
(-2.5297821 2.5297821 18.341931)
(-2.6812434 2.6812434 18.060456)
(-2.6973338 2.6973338 18.310931)
(-2.1512334 2.1512334 19.187281)
(-2.336789 2.336789 19.355917)
(-2.0397287 2.0397287 19.467101)
(-2.188828 2.188828 19.410983)
(-1.4414926 1.4414926 19.682173)
(-1.558711 1.558711 19.407726)
(-1.7414576 1.7414576 19.576931)
(-1.5919837 1.5919837 19.629459)
(-2.6572452 2.6572452 17.544666)
(-2.4873619 2.4873619 17.830516)
(-2.6674298 2.6674298 17.804838)
(-3.1287992 3.1287992 20.036581)
(-3.2382182 3.2382182 20.005861)
(-1.2474448 1.2474448 19.510834)
(-1.2902618 1.2902618 19.741444)
(-2.4669539 2.4669539 17.294613)
(-2.6513333 2.6513333 17.283402)
(-1.926958 1.926958 19.746578)
(-1.9629918 1.9629918 19.972496)
(-0.49058453 0.49058453 20.008454)
(-0.64195693 0.64195693 20.251619)
(-0.48052712 0.48052712 20.491636)
(-0.48437987 0.48437987 20.250415)
(-0.31948129 0.31948129 20.739667)
(-0.15988539 0.15988539 20.744895)
(-0.47843916 0.47843916 20.73381)
(-2.114909 2.114909 17.926556)
(-2.2788735 2.2788735 17.58712)
(-2.3323689 2.3323689 18.131628)
(-2.3011163 2.3011163 17.86718)
(-1.0467945 1.0467945 19.284621)
(-1.2158698 1.2158698 19.015145)
(-1.3816056 1.3816056 19.229699)
(-1.2217031 1.2217031 19.263414)
(-2.6213114 2.6213114 19.945275)
(-2.8316308 2.8316308 20.115384)
(-2.6667868 2.6667868 20.182049)
(-1.0512334 1.0512334 18.760963)
(-0.87063607 0.87063607 19.018601)
(-0.87472916 0.87472916 18.759221)
(-2.7470057 2.7470057 19.019071)
(-2.5755714 2.5755714 18.820612)
(-2.7310829 2.7310829 18.791396)
(-2.5193263 2.5193263 19.51546)
(-2.5676073 2.5676073 19.724333)
(-2.2755545 2.2755545 17.303631)
(-0.50698864 0.50698864 19.515535)
(-0.66337101 0.66337101 19.77522)
(-0.49852356 0.49852356 19.763967)
(-1.8534437 1.8534437 19.301045)
(-1.8904866 1.8904866 19.522835)
(-1.6707012 1.6707012 19.140579)
(-1.7698961 1.7698961 18.865832)
(-1.9622733 1.9622733 19.020606)
(-1.814351 1.814351 19.08213)
(-2.074503 2.074503 18.73135)
(-2.26681 2.26681 18.906933)
(-2.1136381 2.1136381 18.961462)
(-0.68772283 0.68772283 19.272206)
(-0.51401999 0.51401999 19.263764)
(-0.94109779 0.94109779 20.249299)
(-1.0815522 1.0815522 20.23601)
(-0.52936639 0.52936639 15.997728)
(-0.35308801 0.35308801 15.748898)
(-0.52964433 0.52964433 15.748397)
(-0.17645736 0.17645736 15.999223)
(-0.35273094 0.35273094 16.247965)
(-0.17637051 0.17637051 16.248983)
(-2.1967851 2.1967851 18.434631)
(-1.8723941 1.8723941 18.56651)
(-1.9895961 1.9895961 18.255133)
(-2.0333514 2.0333514 18.496513)
(-1.5286763 1.5286763 19.190506)
(-0.80451323 0.80451323 20.027047)
(-0.79477954 0.79477954 20.252424)
(-2.3920169 2.3920169 18.625278)
(-2.3626907 2.3626907 18.38329)
(-2.4504077 2.4504077 19.08607)
(-2.4210666 2.4210666 18.859647)
(-0.52904727 0.52904727 16.246941)
(-2.9024645 2.9024645 19.225322)
(-3.2119861 3.2119861 19.241789)
(-3.0378728 3.0378728 19.458175)
(-3.0521585 3.0521585 19.232822)
(-3.3840248 3.3840248 19.483561)
(-3.3751221 3.3751221 19.238439)
(-2.9829366 2.9829366 19.864739)
(-2.9912155 2.9912155 20.069471)
(-1.2260749 1.2260749 18.767856)
(-2.6231192 2.6231192 19.261745)
(-2.4821264 2.4821264 19.304557)
(-1.6548354 1.6548354 18.41356)
(-1.7143923 1.7143923 18.647934)
(-1.5804496 1.5804496 17.918333)
(-1.7774209 1.7774209 18.093323)
(-1.6092661 1.6092661 18.163471)
(-0.85147686 0.85147686 19.548279)
(-0.86551453 0.86551453 19.283653)
(-1.5644493 1.5644493 17.687165)
(-1.9411406 1.9411406 18.010882)
(-0.82599579 0.82599579 19.796717)
(-0.17654088 0.17654088 15.749439)
(-2.7615632 2.7615632 19.234094)
(-3.400863 3.400863 19.703415)
(-3.0066023 3.0066023 19.6643)
(-1.8251406 1.8251406 17.650623)
(-1.486761 1.486761 18.836782)
(-2.7828302 2.7828302 19.567033)
(-1.0658672 1.0658672 19.892971)
(-3.3966942 3.3966942 19.965176)
(-3.2117518 3.2117518 19.762423)
(-3.8020298 3.2472402 15)
(-3.6119283 3.0848782 15)
(-3.4218268 2.9225162 15)
(-3.2317254 2.7601542 15)
(-3.0416239 2.5977922 15)
(-2.8515224 2.4354302 15)
(-2.6614209 2.2730682 15)
(-2.4713194 2.1107062 15)
(-2.2812179 1.9483441 15)
(-2.0911164 1.7859821 15)
(-1.9010149 1.6236201 15)
(-1.7109134 1.4612581 15)
(-1.5208119 1.2988961 15)
(-1.3307104 1.1365341 15)
(-1.1406089 0.97417207 15)
(-0.95050746 0.81181006 15)
(-0.76040597 0.64944805 15)
(-0.57030447 0.48708604 15)
(-0.38020298 0.32472402 15)
(-0.19010149 0.16236201 15)
(-3.8020298 3.2472402 15.2488)
(-3.8020298 3.2472402 15.4976)
(-3.8020298 3.2472402 15.7464)
(-3.8020298 3.2472402 15.9952)
(-3.8020298 3.2472402 16.244)
(-3.8020298 3.2472402 16.4928)
(-3.8020298 3.2472402 16.7416)
(-3.8020298 3.2472402 16.9904)
(-3.8020298 3.2472402 17.2392)
(-3.8020298 3.2472402 17.488)
(-3.8020298 3.2472402 17.7368)
(-3.8020298 3.2472402 17.9856)
(-3.8020298 3.2472402 18.2344)
(-3.8020298 3.2472402 18.4832)
(-3.8020298 3.2472402 18.732)
(-3.8020298 3.2472402 18.9808)
(-3.8020298 3.2472402 19.2296)
(-3.8020298 3.2472402 19.4784)
(-3.8020298 3.2472402 19.7272)
(-3.8020298 3.2472402 19.976)
(-3.4218268 2.9225162 20.196)
(-3.5168776 3.0036972 20.141)
(-3.6119283 3.0848782 20.086)
(-3.7069791 3.1660592 20.031)
(-2.7374615 2.338013 20.499)
(-2.9085528 2.4841388 20.42325)
(-3.0796442 2.6302646 20.3475)
(-3.2507355 2.7763904 20.27175)
(-2.0530961 1.7535097 20.724)
(-2.2241874 1.8996355 20.66775)
(-2.3952788 2.0457614 20.6115)
(-2.5663701 2.1918872 20.55525)
(-1.3687307 1.1690065 20.879)
(-1.5398221 1.3151323 20.84025)
(-1.7109134 1.4612581 20.8015)
(-1.8820048 1.6073839 20.76275)
(-0.68436537 0.58450324 20.97)
(-0.85545671 0.73062905 20.94725)
(-1.0265481 0.87675487 20.9245)
(-1.1976394 1.0228807 20.90175)
(-0.17109134 0.14612581 20.9925)
(-0.34218268 0.29225162 20.985)
(-0.51327403 0.43837743 20.9775)
(-3.0418593 2.5979933 15.499605)
(-2.8516336 2.4355252 15.499929)
(-2.8516009 2.4354973 15.249891)
(-3.0417563 2.5979053 15.249736)
(-2.6613846 2.2730372 15.500059)
(-2.6614488 2.273092 15.249948)
(-0.37913418 0.32381118 16.497447)
(-0.37894401 0.32364876 16.7469)
(-0.18948765 0.16183774 16.748483)
(-0.18957655 0.16191367 16.498736)
(-0.37878959 0.32351688 16.996431)
(-0.1894148 0.16177553 16.99828)
(-0.37791243 0.32276771 17.997464)
(-0.37721119 0.32216879 18.248985)
(-0.18850156 0.16099555 18.249598)
(-0.18889047 0.1613277 17.998865)
(-0.37606089 0.32118635 18.500996)
(-0.1878936 0.1604763 18.500546)
(-1.1402638 0.97387725 15.24928)
(-0.95018153 0.81153169 15.249308)
(-1.1398458 0.97352029 15.498482)
(-0.94981727 0.81122059 15.498555)
(-0.75982335 0.64895045 15.498734)
(-0.76012513 0.64920819 15.249388)
(-0.56983842 0.48668799 15.498984)
(-0.57007758 0.48689225 15.249506)
(-0.37987645 0.32444514 15.499291)
(-0.38004259 0.32458703 15.249654)
(-0.19001896 0.16229152 15.249822)
(-0.18993387 0.16221885 15.499637)
(-1.9001881 1.622914 15.499269)
(-1.7099949 1.4604736 15.498934)
(-1.7105224 1.4609242 15.249484)
(-1.9006873 1.6233403 15.249626)
(-1.5199317 1.2981443 15.498671)
(-1.520432 1.2985716 15.24937)
(-0.37850455 0.32327343 17.496101)
(-0.37828657 0.32308725 17.746516)
(-0.1891109 0.16151597 17.748392)
(-0.18924981 0.16163461 17.498173)
(-1.3298488 1.1357982 15.498508)
(-1.3303236 1.1362037 15.249293)
(-0.18933097 0.16170393 17.248145)
(-0.37863527 0.32338507 17.246102)
(-3.6189105 3.0908416 17.995839)
(-3.6168849 3.0891115 17.746459)
(-3.4357026 2.9343672 18.007075)
(-3.4314363 2.9307235 17.756896)
(-3.4279737 2.9277661 17.505528)
(-3.6152019 3.0876741 17.496463)
(-2.2807239 1.9479223 15.499896)
(-2.0903802 1.7853533 15.499625)
(-2.0908261 1.7857342 15.24978)
(-2.2810465 1.9481978 15.249887)
(-3.613969 3.0866211 17.246343)
(-3.4254975 2.9256513 17.253834)
(-3.4238796 2.9242694 17.001853)
(-3.6131373 3.0859107 16.996033)
(-3.6126165 3.085466 16.74594)
(-3.4229269 2.9234558 16.750306)
(-3.4224679 2.9230637 16.499042)
(-3.6123462 3.0852351 16.495939)
(-2.471224 2.1106247 15.249968)
(-2.471014 2.1104453 15.500085)
(-3.6121939 3.085105 16.246242)
(-3.422241 2.9228699 16.248405)
(-3.4221712 2.9228103 15.998127)
(-3.6121343 3.0850541 15.996701)
(-1.1358574 0.97011383 16.492316)
(-1.1342971 0.96878124 16.739497)
(-0.94603037 0.80798627 16.741278)
(-0.94700389 0.80881773 16.493363)
(-1.1330056 0.96767817 16.986161)
(-0.9453318 0.80738963 16.989042)
(-0.75695709 0.64650243 16.991824)
(-0.75736703 0.64685255 16.743254)
(-0.75795199 0.64735215 16.494703)
(-3.4220421 2.9227 15.498699)
(-3.4219398 2.9226127 15.249311)
(-3.611987 3.0849283 15.249067)
(-3.6120449 3.0849778 15.498168)
(-3.2318528 2.7602631 15.249557)
(-3.2319679 2.7603614 15.499215)
(-3.4220964 2.9227464 15.748306)
(-3.6120809 3.0850086 15.747383)
(-1.139214 0.97298067 15.747491)
(-0.94930949 0.8107869 15.747646)
(-1.1383934 0.97227984 15.996232)
(-0.94870757 0.81027281 15.996539)
(-0.75902669 0.64827004 15.99708)
(-0.75944793 0.64862981 15.747973)
(-1.8744095 1.600897 16.995249)
(-1.6893959 1.4428804 16.986466)
(-1.6958217 1.4483686 16.741953)
(-1.8837329 1.6088599 16.747679)
(-1.5049424 1.2853423 16.983239)
(-1.5089477 1.2887631 16.738916)
(-1.5126901 1.2919594 16.49253)
(-1.7010904 1.4528684 16.494695)
(-1.8903119 1.6144789 16.498213)
(-1.3194951 1.1269553 16.983915)
(-1.3217772 1.1289044 16.73851)
(-1.3242676 1.1310313 16.491916)
(-0.37166044 0.317428 19.0058)
(-0.36797421 0.31427967 19.257751)
(-0.18380326 0.15698282 19.253531)
(-0.18562613 0.15853969 19.002719)
(-0.36332028 0.31030483 19.508413)
(-0.18159377 0.15509573 19.50373)
(-2.6527416 2.2656554 17.028072)
(-2.4541124 2.09601 17.029753)
(-2.45978 2.1008506 16.7668)
(-2.6546933 2.2673222 16.766735)
(-2.2561849 1.9269639 17.023202)
(-2.2657202 1.9351079 16.762625)
(-2.2719955 1.9404674 16.506507)
(-2.4642681 2.1046838 16.508973)
(-2.657108 2.2693846 16.509182)
(-2.0623671 1.7614279 17.009615)
(-2.0732575 1.7707292 16.75559)
(-2.0803598 1.7767951 16.502688)
(-1.5190039 1.2973519 15.747795)
(-1.329035 1.1351031 15.747514)
(-1.517661 1.2962049 15.996638)
(-1.3279507 1.1341771 15.996218)
(-3.0416604 2.5978234 16.00071)
(-3.0417928 2.5979365 15.749907)
(-3.2319774 2.7603695 15.749222)
(-3.2319887 2.7603791 15.999577)
(-0.56859295 0.48562425 16.496077)
(-0.56824026 0.48532303 16.745134)
(-0.56798628 0.48510611 16.994278)
(-0.94786767 0.80955547 16.245108)
(-1.1371682 0.97123338 16.244532)
(-0.7584778 0.64780124 16.245973)
(-2.6609568 2.2726718 15.750701)
(-2.4703132 2.1098468 15.750715)
(-2.6602388 2.2720586 16.002024)
(-2.469234 2.108925 16.001954)
(-2.2784494 1.9459796 16.001169)
(-2.2798408 1.947168 15.750297)
(-2.0893155 1.784444 15.749715)
(-2.0876998 1.7830641 16.000058)
(-1.8974508 1.6205761 15.998689)
(-1.8990985 1.6219834 15.748973)
(-1.7089097 1.4595468 15.748302)
(-1.7073406 1.4582067 15.997496)
(-3.4457583 2.9429556 18.503054)
(-3.4407028 2.9386378 18.255983)
(-3.6213086 3.0928898 18.244709)
(-3.6236731 3.0949092 18.492763)
(-2.8513735 2.435303 15.750512)
(-2.8509833 2.4349697 16.001679)
(-3.0423766 2.5984351 17.015207)
(-2.8488269 2.433128 17.022394)
(-2.8485686 2.4329074 16.764104)
(-3.0412595 2.597481 16.759683)
(-2.8494029 2.43362 16.507903)
(-3.0411892 2.5974209 16.505263)
(-0.56776568 0.4849177 17.243646)
(-0.75666637 0.64625413 17.24066)
(-0.75670984 0.64629126 17.490177)
(-0.56766917 0.48483527 17.493509)
(-0.18695011 0.15967048 18.751663)
(-0.37425603 0.31964485 18.753407)
(-1.3262599 1.132733 16.244421)
(-1.5154427 1.2943103 16.245004)
(-3.2337678 2.7618986 17.008457)
(-3.2325382 2.7608484 16.755123)
(-3.2320914 2.7604668 16.502365)
(-3.231934 2.7603324 16.250668)
(-3.0413133 2.597527 16.252566)
(-1.5010656 1.2820312 17.465123)
(-1.3185658 1.1261615 17.473088)
(-1.3180019 1.1256799 17.228651)
(-1.5015663 1.2824588 17.225452)
(-1.1328397 0.96753647 17.48011)
(-1.1322724 0.96705198 17.232842)
(-2.6587951 2.2708256 16.25482)
(-2.8501771 2.4342812 16.25415)
(-3.2399177 2.7671511 17.516305)
(-3.2360828 2.7638758 17.262597)
(-3.0501841 2.6051034 17.528877)
(-3.0450388 2.6007088 17.272222)
(-1.8944585 1.6180204 16.248548)
(-2.084688 1.7804917 16.251061)
(-2.2757534 1.943677 16.253193)
(-1.7046673 1.4559235 16.246433)
(-2.4671087 2.1071099 16.254627)
(-3.6274657 3.0981484 18.988196)
(-3.6258441 3.0967634 18.740297)
(-3.4534849 2.9495548 18.993429)
(-3.4504047 2.946924 18.748542)
(-0.56749871 0.48468969 17.74411)
(-0.75681372 0.64637998 17.740821)
(-0.75677278 0.64634501 17.992863)
(-0.56714646 0.48438884 17.995581)
(-0.56627009 0.48364034 18.248076)
(-0.75598475 0.64567197 18.246491)
(-0.75415822 0.64411197 18.501293)
(-0.56470909 0.48230713 18.501353)
(-1.5175664 1.2961241 17.95183)
(-1.3285956 1.1347279 17.972402)
(-1.3220443 1.1291325 17.720029)
(-1.5058594 1.2861254 17.705587)
(-1.1375654 0.97157265 17.983066)
(-1.1347371 0.96915704 17.729754)
(-0.94519795 0.80727531 17.485875)
(-0.94491736 0.80703567 17.237066)
(-1.9836287 1.694179 20.25313)
(-1.8186205 1.5532487 20.301627)
(-1.7846455 1.5242312 20.075743)
(-1.9475039 1.6633254 20.025323)
(-1.6549637 1.4134726 20.346767)
(-1.6236015 1.3866867 20.123936)
(-1.5885066 1.3567128 19.903428)
(-1.7489011 1.4937027 19.852022)
(-1.9104807 1.6317046 19.800058)
(-0.94679533 0.80863961 17.989108)
(-0.9459546 0.80792156 17.736382)
(-1.4929684 1.2751155 20.387954)
(-1.4656284 1.2517649 20.169361)
(-1.3331661 1.1386314 20.423261)
(-1.3127229 1.1211713 20.20853)
(-1.2868263 1.0990535 20.00639)
(-1.4320851 1.2231163 19.955974)
(-0.94654627 0.80842689 18.244479)
(-1.1391047 0.97288734 18.241321)
(-1.1366963 0.97083039 18.501635)
(-0.94451146 0.80668899 18.501257)
(-0.35796196 0.3057284 19.757326)
(-0.17908187 0.15295037 19.753178)
(-0.35285326 0.30136515 20.004263)
(-0.17668915 0.15090679 20.001771)
(-1.5659068 1.3374107 18.532585)
(-1.3341357 1.1394595 18.506842)
(-1.3362415 1.141258 18.236425)
(-1.5367325 1.3124936 18.214517)
(-3.252402 2.7778137 18.020741)
(-3.2454484 2.7718748 17.769564)
(-3.0683694 2.620635 18.037736)
(-3.0580915 2.6118568 17.78481)
(-1.6834826 1.43783 20.572947)
(-1.8507133 1.5806585 20.530781)
(-2.0186309 1.7240736 20.484619)
(-1.6822566 1.4367828 17.226628)
(-1.8609125 1.5893694 17.237045)
(-1.8461957 1.5768001 17.46176)
(-1.67806 1.4331986 17.459286)
(-1.5169666 1.2956119 20.612168)
(-1.3512779 1.1541003 20.646451)
(-3.2689514 2.7919483 18.5155)
(-3.2605896 2.7848066 18.269788)
(-3.0931605 2.6418086 18.531848)
(-3.0805105 2.6310045 18.287274)
(-0.74665396 0.63770273 19.014381)
(-0.55842053 0.47693619 19.009755)
(-0.56214975 0.48012124 18.755455)
(-0.75102966 0.64143992 18.757387)
(-3.2822805 2.8033324 18.996838)
(-3.2768329 2.7986797 18.757941)
(-3.1158413 2.6611799 19.00334)
(-3.1055858 2.6524208 18.771086)
(-2.3153899 1.9775298 20.145627)
(-2.2747418 1.942813 19.916969)
(-2.4382354 2.0824497 19.858144)
(-2.4817173 2.1195868 20.086069)
(-2.2340448 1.9080545 19.691133)
(-2.3953031 2.0457821 19.633884)
(-2.5548014 2.1820065 19.575115)
(-2.6009755 2.2214429 19.79514)
(-2.6488159 2.2623025 20.02091)
(-0.6858534 0.58577414 20.487417)
(-0.85190543 0.72759597 20.480417)
(-0.85288917 0.72843616 20.712286)
(-0.6843981 0.5845312 20.725393)
(-1.0144801 0.86644787 20.468907)
(-1.0199306 0.87110304 20.694974)
(-2.524457 2.15609 20.318672)
(-2.694469 2.301294 20.254475)
(-2.3555252 2.0118086 20.377394)
(-0.34856796 0.29770516 20.249788)
(-0.17460524 0.14912696 20.249728)
(-0.3455601 0.2951362 20.494683)
(-0.17305689 0.14780455 20.497346)
(-1.185785 1.012756 20.673598)
(-1.1741982 1.00286 20.450314)
(-2.2007609 1.8796273 17.618289)
(-2.0065075 1.7137193 17.497754)
(-2.0431477 1.745013 17.264601)
(-2.2393464 1.9125825 17.294917)
(-2.1869038 1.8677923 20.433017)
(-2.1492496 1.8356326 20.201102)
(-2.9187105 2.4928143 18.5546)
(-2.9006492 2.4773884 18.310931)
(-2.7449493 2.3444082 18.58516)
(-2.720468 2.3234992 18.341931)
(-2.6963554 2.302905 18.090165)
(-2.8833459 2.4626101 18.060456)
(-2.1526567 1.8385425 19.243795)
(-2.3133856 1.975818 19.187281)
(-2.353814 2.0103471 19.410983)
(-2.1934762 1.8734056 19.467101)
(-2.474453 2.1133825 19.133745)
(-2.5129278 2.1462431 19.355917)
(-1.7119818 1.4621706 19.629459)
(-1.8727224 1.599456 19.576931)
(-1.5501472 1.3239508 19.682173)
(-1.513571 1.2927118 19.456767)
(-1.6762011 1.431611 19.407726)
(-1.8349525 1.5671975 19.35619)
(-2.6596321 2.2715404 17.563396)
(-2.8575388 2.4405687 17.544666)
(-2.8684912 2.4499229 17.804838)
(-2.6748503 2.284538 17.830516)
(-3.4823036 2.9741682 20.005861)
(-3.5800666 3.0576657 19.979125)
(-3.3646369 2.8736714 20.036581)
(-3.3491968 2.8604843 19.872952)
(-3.4611669 2.9561158 19.870883)
(-3.5595828 3.040171 19.859934)
(-1.3875172 1.1850516 19.741444)
(-1.2401058 1.0591504 19.818172)
(-1.1336406 0.96822056 19.598084)
(-1.3414727 1.145726 19.510834)
(-2.8511813 2.4351389 17.283402)
(-2.6529041 2.2657941 17.294613)
(-2.1109551 1.802926 19.972496)
(-2.0722052 1.7698304 19.746578)
(-0.52089069 0.44488268 20.250415)
(-0.51674754 0.44134409 20.491636)
(-0.52756304 0.4505814 20.008454)
(-0.69960285 0.59751728 20.015518)
(-0.69034536 0.58961063 20.251619)
(-0.17193698 0.14684805 20.744895)
(-0.34356265 0.29343022 20.739667)
(-0.51450219 0.43942639 20.73381)
(-2.321524 1.9827688 18.186516)
(-2.2743233 1.9424556 17.926556)
(-2.4745663 2.1134792 17.86718)
(-2.5081745 2.1421834 18.131628)
(-2.4506468 2.0930501 17.58712)
(-1.1256981 0.96143699 19.284621)
(-1.3137907 1.1220832 19.263414)
(-1.1253456 0.96113592 19.018727)
(-1.3075178 1.1167257 19.015145)
(-1.4725981 1.2577176 19.00853)
(-1.4857461 1.2689471 19.229699)
(-2.8188965 2.4075651 19.945275)
(-2.8677997 2.4493323 20.182049)
(-3.0133753 2.5736656 19.839081)
(-3.0450691 2.6007347 20.115384)
(-1.1304717 0.96551402 18.760963)
(-0.94066312 0.8034022 18.759221)
(-0.93626151 0.79964287 19.018601)
(-2.9540652 2.52301 19.019071)
(-2.9369422 2.5083856 18.791396)
(-2.7944591 2.3866936 19.046798)
(-2.7697088 2.3655548 18.820612)
(-2.8519599 2.4358039 19.460703)
(-2.9032416 2.4796026 19.641189)
(-2.7611444 2.3582401 19.724333)
(-2.7092241 2.313896 19.51546)
(-2.4470777 2.0900018 17.303631)
(-0.53610049 0.45787307 19.763967)
(-0.54520364 0.4656479 19.515535)
(-0.72832505 0.62204835 19.527065)
(-0.71337355 0.60927857 19.77522)
(-2.0329847 1.736333 19.522835)
(-1.9931497 1.7023107 19.301045)
(-1.7966327 1.5344693 19.140579)
(-1.9511103 1.6664056 19.08213)
(-1.7547062 1.4986607 18.935545)
(-1.9033046 1.6255757 18.865832)
(-2.0640618 1.7628753 18.795529)
(-2.1101824 1.8022661 19.020606)
(-2.2729566 1.9412883 18.961462)
(-2.2308716 1.9053443 18.73135)
(-2.4005898 2.0502974 18.673922)
(-2.437674 2.0819703 18.906933)
(-0.73956092 0.6316447 19.272206)
(-0.55276499 0.4721059 19.263764)
(-1.1630758 0.99336056 20.23601)
(-1.0120344 0.86435901 20.249299)
(-1.0172054 0.86877552 20.040275)
(-1.1532555 0.98497324 20.03859)
(-0.56926813 0.48620092 15.997728)
(-0.56956702 0.4864562 15.748397)
(-0.37951873 0.32413962 15.998462)
(-0.37970252 0.32429659 15.748898)
(-0.18975809 0.16206872 15.999223)
(-0.18966469 0.16198895 16.248983)
(-0.37931854 0.32396864 16.247965)
(-2.3623709 2.0176554 18.434631)
(-2.1866182 1.8675484 18.496513)
(-2.1395648 1.8273609 18.255133)
(-2.0135284 1.7197157 18.56651)
(-1.9611394 1.6749713 18.330269)
(-1.6439025 1.4040253 19.190506)
(-1.6169454 1.3810018 18.987268)
(-0.86515457 0.73891181 20.027047)
(-0.85468719 0.72997182 20.252424)
(-2.5723185 2.1969676 18.625278)
(-2.5407819 2.1700327 18.38329)
(-2.6035579 2.2236485 18.859647)
(-2.6351107 2.2505972 19.08607)
(-0.56892496 0.48590782 16.246941)
(-3.1166073 2.6618341 19.430091)
(-3.1212419 2.6657924 19.225322)
(-3.2822193 2.8032801 19.232822)
(-3.2668568 2.7901593 19.458175)
(-3.4540942 2.9500751 19.241789)
(-3.4517008 2.948031 19.522241)
(-3.6391005 3.1080854 19.483561)
(-3.6295267 3.0999087 19.238439)
(-3.2166827 2.7473065 20.069471)
(-3.2077797 2.7397027 19.864739)
(-1.318492 1.1260985 18.767856)
(-1.488547 1.2713393 18.794904)
(-2.8208406 2.4092255 19.261745)
(-2.6692202 2.2797294 19.304557)
(-1.6927489 1.4457442 18.746394)
(-1.843617 1.5745977 18.647934)
(-1.779571 1.5198972 18.41356)
(-1.7305668 1.4780437 18.163471)
(-1.9113966 1.6324869 18.093323)
(-1.6995782 1.4515769 17.918333)
(-1.8684578 1.5958137 17.869833)
(-0.93075392 0.79493895 19.283653)
(-0.91565814 0.78204594 19.548279)
(-1.6823719 1.4368814 17.687165)
(-1.8440987 1.5750091 17.666482)
(-2.0232384 1.7280088 17.789552)
(-2.0874569 1.7828566 18.010882)
(-0.8882564 0.75864264 19.796717)
(-1.045545 0.89297978 19.840169)
(-0.18984791 0.16214543 15.749439)
(-2.96972 2.5363805 19.234094)
(-2.9829983 2.5477212 19.427722)
(-3.6572079 3.1235506 19.703415)
(-3.6635075 3.128931 19.872121)
(-3.5313015 3.0160164 19.71951)
(-3.2332293 2.7614387 19.6643)
(-3.0893838 2.638583 19.616697)
(-3.3700461 2.8782913 19.713175)
(-1.9627131 1.6763154 17.650623)
(-1.5988277 1.3655279 18.836782)
(-2.99259 2.5559133 19.567033)
(-1.1462084 0.9789545 19.892971)
(-3.6527249 3.1197218 19.965176)
(-3.4538422 2.9498599 19.762423)
)


// ************************************************************************* //
