/*--------------------------------*- C++ -*----------------------------------*\
| =========                 |                                                 |
| \\      /  F ield         | OpenFOAM: The Open Source CFD Toolbox           |
|  \\    /   O peration     | Version:  4.1                                   |
|   \\  /    A nd           | Web:      www.OpenFOAM.org                      |
|    \\/     M anipulation  |                                                 |
\*---------------------------------------------------------------------------*/
FoamFile
{
    version     2.0;
    format      ascii;
    class       labelList;
    note        "nPoints:2501  nCells:1200  nFaces:4820  nInternalFaces:2320";
    location    "constant/Air_rotated/polyMesh";
    object      neighbour;
}
// * * * * * * * * * * * * * * * * * * * * * * * * * * * * * * * * * * * * * //


2320
(
1
3
38
575
2
225
574
3
182
224
39
181
5
7
87
114
6
43
113
7
42
428
84
431
9
11
138
945
10
137
384
11
12
387
15
946
13
15
571
14
508
570
15
511
1089
1088
17
19
94
1097
18
93
392
19
20
395
23
1098
21
23
579
22
88
578
23
91
1101
1100
25
27
433
1148
26
81
1151
27
80
121
120
434
29
31
34
451
30
409
450
31
408
1117
35
1116
33
35
502
1125
34
420
501
35
423
1126
37
39
86
189
38
85
376
39
379
190
41
43
90
213
42
89
380
43
383
214
45
47
115
1114
46
87
114
47
86
189
188
1115
49
51
76
1129
50
79
340
51
240
343
243
1130
53
55
56
122
54
80
121
55
83
496
57
499
57
59
917
58
503
59
502
1125
918
1124
61
63
67
965
62
66
111
63
110
969
966
968
65
67
303
481
66
104
302
67
107
482
69
71
507
991
70
314
506
71
72
313
75
988
73
75
307
74
306
480
75
483
993
992
77
79
981
78
119
980
79
118
325
324
81
83
82
1159
83
256
1158
259
85
87
335
86
334
87
89
91
427
90
426
91
173
172
93
95
102
415
94
414
95
897
103
896
97
99
557
935
98
934
1165
99
461
1164
460
558
101
103
370
909
102
369
479
103
478
910
105
107
442
106
441
582
107
108
581
111
109
111
447
110
117
446
111
116
113
115
215
1064
114
214
115
1065
117
119
969
118
418
119
417
970
121
123
126
122
123
917
127
916
125
127
231
921
126
230
435
127
434
922
129
131
469
559
130
460
558
131
229
463
228
470
133
135
161
552
134
473
555
135
472
1049
162
1048
137
139
319
489
138
318
139
165
164
490
141
143
197
510
142
372
509
143
144
375
147
198
145
147
567
146
504
566
147
507
991
990
149
151
252
1073
150
255
977
151
817
976
816
1074
153
155
158
619
154
406
618
155
405
465
159
464
157
159
367
457
158
366
635
159
634
458
161
163
186
547
162
546
163
705
187
704
165
167
893
166
945
167
717
944
716
894
169
171
511
1089
170
197
510
171
196
1041
1040
1090
173
175
1101
174
213
175
212
721
720
1102
177
179
182
224
178
227
885
179
884
1146
183
1145
181
183
191
585
182
190
183
586
185
187
286
701
186
285
540
187
543
702
189
191
625
190
191
626
193
195
636
1138
194
456
1137
195
459
605
604
637
197
199
200
198
199
990
201
989
201
203
1041
202
995
203
994
1056
1042
1059
205
207
210
206
216
207
219
453
211
452
209
211
321
1155
210
1154
211
322
213
215
548
214
215
549
217
219
218
953
219
389
952
388
221
223
254
363
222
261
362
223
260
978
255
977
225
227
226
232
227
235
493
492
229
231
957
230
436
231
439
958
233
235
574
234
573
915
235
236
914
239
237
239
928
238
309
931
239
308
494
493
241
243
295
242
249
294
243
248
1133
1132
245
247
250
347
246
253
346
247
252
1073
251
1072
249
251
1053
250
348
251
351
1054
253
255
254
352
255
355
257
259
1180
258
320
1183
259
323
497
496
261
263
1136
262
364
263
367
457
456
1137
265
267
405
465
266
273
404
267
272
609
466
608
269
271
274
519
270
277
518
271
276
1077
275
1076
273
275
661
274
520
275
523
662
277
279
669
278
524
279
280
527
283
670
281
283
531
282
289
530
283
288
673
672
285
287
290
535
286
534
287
685
291
684
289
291
689
290
536
291
539
690
293
295
342
823
294
349
822
295
348
343
297
299
306
480
298
305
1012
299
300
1015
303
481
301
303
1045
302
443
1044
303
442
305
307
312
1035
306
1034
307
313
309
311
488
310
927
311
316
926
319
489
313
315
1031
314
315
359
358
1028
317
319
939
318
385
938
319
384
321
323
1179
322
1178
323
452
455
325
327
340
326
417
327
416
843
341
842
329
331
569
1095
330
373
1094
331
372
509
508
570
333
335
430
888
334
377
891
335
376
431
337
339
565
1123
338
1122
1192
339
505
1195
504
566
341
343
342
824
343
827
345
347
350
811
346
353
810
347
352
351
349
351
350
804
351
807
353
355
354
648
355
360
651
363
357
359
505
1195
358
1020
1194
359
1023
506
361
363
647
362
365
646
363
364
365
367
366
628
367
631
369
371
396
410
370
399
371
1005
411
1004
373
375
374
1108
375
564
1111
567
377
379
378
868
379
572
871
575
381
383
426
382
425
880
383
429
883
428
385
387
386
1084
387
568
1087
571
389
391
453
390
421
391
420
501
454
500
393
395
414
394
413
1000
395
576
1003
579
397
399
402
398
401
940
399
476
943
479
401
403
449
963
402
962
403
410
409
450
405
407
520
406
407
615
521
614
409
411
905
410
411
906
413
415
477
987
414
986
415
478
417
419
801
418
419
446
445
802
421
423
422
952
423
448
955
451
425
427
577
1011
426
1010
427
578
429
431
430
879
431
878
433
435
438
1171
434
1170
435
439
437
439
463
438
462
1172
439
1175
441
443
484
1061
442
487
443
1062
445
447
580
853
446
852
447
581
449
451
951
450
950
451
453
455
454
455
498
497
457
459
458
459
464
467
461
463
462
782
463
781
465
467
466
467
606
605
469
471
474
560
470
563
471
957
475
956
473
475
873
474
515
475
514
874
477
479
975
478
974
479
481
483
482
483
965
964
485
487
1068
486
860
1071
487
583
863
582
489
491
494
490
491
893
495
892
493
495
885
494
495
886
497
499
498
499
500
503
501
503
502
503
505
507
506
507
509
511
510
511
513
515
554
683
514
561
682
515
560
555
517
519
522
603
518
525
602
519
524
523
521
523
522
596
523
599
525
527
526
620
527
528
623
531
529
531
727
530
537
726
531
536
533
535
538
715
534
541
714
535
540
539
537
539
538
708
539
711
541
543
542
696
543
544
699
547
545
547
659
546
553
658
547
552
549
551
721
550
1064
551
845
1067
722
844
553
555
554
676
555
679
557
559
562
839
558
838
559
563
561
563
562
664
563
667
565
567
1107
566
1106
567
569
571
1083
570
1082
571
573
575
903
574
902
575
577
579
999
578
998
579
581
583
864
582
583
865
585
587
627
778
586
626
587
1145
779
1144
589
591
718
850
590
717
944
591
592
947
595
851
593
595
1091
594
1040
1090
595
768
1043
771
597
599
614
598
613
599
600
603
601
603
602
621
603
620
605
607
834
606
607
608
611
835
609
611
610
661
611
660
756
759
613
615
617
614
615
618
617
619
633
618
619
634
621
623
622
623
724
727
625
627
638
1112
626
1115
627
639
629
631
646
630
645
631
632
635
633
635
634
635
637
639
777
638
834
639
833
778
641
643
722
844
642
847
1079
643
797
1078
723
796
645
647
650
646
647
651
649
651
810
650
809
651
653
655
767
812
654
766
794
655
700
793
703
813
657
659
698
658
677
659
676
699
661
663
846
662
663
1076
847
1079
665
667
682
666
681
667
836
839
669
671
797
1078
670
1077
671
672
675
798
673
675
674
689
675
688
785
784
677
679
678
679
680
683
681
683
682
683
685
687
690
686
701
687
700
793
691
792
689
691
789
690
691
790
693
695
814
1051
694
1050
1140
695
1016
1143
815
1019
697
699
714
698
713
699
701
703
702
703
704
707
705
707
706
1048
707
814
1051
813
709
711
726
710
725
711
712
715
713
715
714
715
717
719
741
718
719
856
742
859
721
723
729
722
723
730
725
727
726
727
729
731
762
1103
730
1102
731
796
763
799
733
735
1070
734
735
861
860
1071
737
739
818
1147
738
884
1146
739
740
887
743
819
741
743
895
742
894
743
828
831
745
747
750
899
746
761
898
747
760
788
751
791
749
751
766
794
750
765
908
751
911
795
753
755
919
1142
754
918
1124
755
1017
1127
1016
1143
757
759
846
758
845
1067
759
832
1066
835
761
763
786
762
1096
763
1099
787
765
767
1007
1025
766
1006
767
1026
769
771
1039
770
1038
1128
771
848
1131
851
773
775
818
1147
774
817
976
775
776
979
779
1144
777
779
1139
778
1138
779
781
783
1173
782
1172
783
1164
1167
785
787
798
786
789
787
788
799
789
791
790
791
792
795
793
795
794
795
797
799
798
799
801
803
840
802
843
803
852
855
805
807
822
806
821
807
808
811
809
811
810
811
813
815
1026
814
815
1027
817
819
830
818
819
831
821
823
826
822
823
827
825
827
842
826
841
827
829
831
859
830
858
1075
831
1074
833
835
1113
834
1112
835
837
839
838
932
839
935
841
843
842
843
845
847
846
847
849
851
1135
850
857
1134
851
856
853
855
854
864
855
867
857
859
858
1052
859
1055
861
863
862
863
866
865
865
867
866
867
869
871
891
870
890
871
900
903
873
875
1050
1140
874
1049
875
956
959
1141
877
879
882
878
889
879
888
883
881
883
1010
882
1009
883
885
887
886
887
892
895
889
891
890
891
893
895
894
895
897
899
910
898
1097
899
1096
911
901
903
902
912
903
915
905
907
1024
1118
906
1117
907
1004
1007
1025
909
911
1006
910
1005
911
913
915
914
929
915
928
917
919
922
918
919
923
921
923
959
1141
922
958
923
1142
925
927
930
926
936
927
939
931
929
931
930
931
933
935
934
1160
935
1163
937
939
938
1085
939
1084
941
943
962
942
961
943
972
975
945
947
946
947
1088
1091
949
951
954
950
960
951
963
955
953
955
954
955
957
959
958
959
961
963
962
963
965
967
993
966
967
1057
994
1056
969
971
1057
970
971
980
983
1058
973
975
974
984
975
987
977
979
978
979
1136
1139
981
983
982
1129
983
1038
1128
1037
985
987
986
1001
987
1000
989
991
992
990
995
991
993
995
994
995
997
999
1002
998
1008
999
1011
1003
1001
1003
1002
1003
1005
1007
1006
1007
1009
1011
1010
1011
1013
1015
1034
1014
1033
1015
1046
1045
1017
1019
1018
1119
1019
1024
1118
1027
1021
1023
1188
1022
1191
1023
1029
1028
1025
1027
1026
1027
1029
1031
1030
1031
1032
1035
1033
1035
1034
1035
1037
1039
1042
1059
1038
1058
1039
1043
1041
1043
1042
1043
1045
1047
1062
1046
1047
1063
1049
1051
1050
1051
1053
1055
1134
1054
1133
1055
1072
1075
1057
1059
1058
1059
1061
1063
1069
1062
1068
1063
1065
1067
1066
1114
1067
1113
1069
1071
1070
1071
1073
1075
1074
1075
1077
1079
1078
1079
1081
1083
1086
1082
1092
1083
1095
1087
1085
1087
1086
1087
1089
1091
1090
1091
1093
1095
1094
1109
1095
1108
1097
1099
1098
1099
1100
1103
1101
1103
1102
1103
1105
1107
1110
1106
1120
1107
1123
1111
1109
1111
1110
1111
1113
1115
1114
1115
1117
1119
1126
1118
1119
1127
1121
1123
1122
1187
1123
1186
1125
1127
1126
1127
1129
1131
1130
1131
1132
1135
1133
1135
1134
1135
1137
1139
1138
1139
1141
1143
1142
1143
1145
1147
1146
1147
1149
1151
1170
1150
1169
1151
1156
1159
1153
1155
1177
1154
1155
1178
1157
1159
1158
1181
1159
1180
1161
1163
1162
1163
1166
1165
1165
1167
1166
1167
1169
1171
1174
1170
1171
1175
1173
1175
1174
1175
1177
1179
1182
1178
1179
1183
1181
1183
1182
1183
1185
1187
1199
1186
1193
1198
1187
1192
1189
1191
1194
1190
1193
1198
1191
1197
1193
1195
1194
1195
1197
1199
1198
1199
)


// ************************************************************************* //
