/*--------------------------------*- C++ -*----------------------------------*\
| =========                 |                                                 |
| \\      /  F ield         | OpenFOAM: The Open Source CFD Toolbox           |
|  \\    /   O peration     | Version:  4.1                                   |
|   \\  /    A nd           | Web:      www.OpenFOAM.org                      |
|    \\/     M anipulation  |                                                 |
\*---------------------------------------------------------------------------*/
FoamFile
{
    version     2.0;
    format      ascii;
    class       faceList;
    location    "constant/Warhead_rotated/polyMesh";
    object      faces;
}
// * * * * * * * * * * * * * * * * * * * * * * * * * * * * * * * * * * * * * //


1154
(
4(153 383 384 156)
4(99 156 384 344)
4(20 345 383 153)
4(156 154 386 384)
4(51 385 386 154)
4(153 383 385 51)
4(156 155 388 384)
4(155 38 387 388)
4(154 386 387 38)
4(19 155 388 343)
4(157 390 391 160)
4(159 160 391 392)
4(43 159 392 389)
4(43 389 390 157)
4(160 158 394 391)
4(40 393 394 158)
4(157 390 393 40)
4(160 96 338 391)
4(158 394 337 16)
4(159 17 339 392)
4(161 395 396 164)
4(88 164 396 322)
4(9 321 395 161)
4(164 162 398 396)
4(161 395 397 34)
4(34 397 398 162)
4(164 163 400 396)
4(163 44 399 400)
4(162 398 399 44)
4(10 163 400 323)
4(165 402 403 168)
4(167 168 403 404)
4(37 167 404 401)
4(37 401 402 165)
4(168 166 406 403)
4(41 405 406 166)
4(165 402 405 41)
4(168 91 328 403)
4(166 406 329 13)
4(167 12 327 404)
4(169 408 409 172)
4(171 172 409 410)
4(36 407 408 169)
4(36 171 410 407)
4(172 170 412 409)
4(45 411 412 170)
4(169 408 411 45)
4(172 104 355 409)
4(170 412 356 24)
4(171 23 354 410)
4(155 388 413 175)
4(98 175 413 342)
4(175 173 414 413)
4(38 387 414 173)
4(175 174 416 413)
4(174 58 415 416)
4(173 414 415 58)
4(18 174 416 341)
4(85 316 417 177)
4(176 177 417 418)
4(7 176 418 317)
4(177 95 336 417)
4(177 158 394 417)
4(176 40 393 418)
4(86 318 419 180)
4(179 180 419 420)
4(8 179 420 319)
4(180 176 418 419)
4(180 178 421 419)
4(178 40 393 421)
4(179 60 422 420)
4(60 178 421 422)
4(181 423 424 182)
4(179 182 424 420)
4(60 422 423 181)
4(182 161 395 424)
4(181 423 397 34)
4(182 87 320 424)
4(183 425 426 184)
4(174 184 426 416)
4(58 415 425 183)
4(184 159 392 426)
4(183 425 389 43)
4(184 97 340 426)
4(185 427 428 187)
4(106 187 428 359)
4(25 358 427 185)
4(187 122 430 428)
4(185 427 429 61)
4(61 429 430 122)
4(187 186 432 428)
4(186 42 431 432)
4(122 430 431 42)
4(26 186 432 360)
4(188 433 434 190)
4(90 190 434 326)
4(11 325 433 188)
4(190 189 436 434)
4(188 433 435 57)
4(57 435 436 189)
4(190 167 404 434)
4(189 436 401 37)
4(113 373 437 193)
4(192 193 437 438)
4(31 192 438 374)
4(193 191 439 437)
4(30 372 439 191)
4(193 136 441 437)
4(191 439 440 47)
4(136 47 440 441)
4(192 64 442 438)
4(64 136 441 442)
4(157 390 443 196)
4(178 196 443 421)
4(196 194 444 443)
4(43 389 444 194)
4(196 195 446 443)
4(195 59 445 446)
4(194 444 445 59)
4(60 195 446 422)
4(197 447 448 198)
4(170 198 448 412)
4(45 411 447 197)
4(198 185 427 448)
4(197 447 429 61)
4(198 105 357 448)
4(199 450 451 202)
4(201 202 451 452)
4(53 201 452 449)
4(53 449 450 199)
4(202 200 454 451)
4(199 450 453 80)
4(80 453 454 200)
4(202 137 456 451)
4(200 454 455 83)
4(137 83 455 456)
4(201 72 457 452)
4(72 137 456 457)
4(163 400 458 204)
4(89 204 458 324)
4(204 203 459 458)
4(44 399 459 203)
4(204 188 433 458)
4(203 459 435 57)
4(205 460 461 207)
4(195 207 461 446)
4(59 445 460 205)
4(207 206 462 461)
4(53 449 462 206)
4(205 460 449 53)
4(207 181 423 461)
4(206 462 397 34)
4(201 452 463 209)
4(206 209 463 462)
4(209 208 464 463)
4(72 457 464 208)
4(209 162 398 463)
4(208 464 399 44)
4(210 466 467 213)
4(212 213 467 468)
4(39 465 466 210)
4(39 212 468 465)
4(213 117 381 467)
4(210 466 370 5)
4(213 211 469 467)
4(211 33 380 469)
4(48 211 469 470)
4(212 48 470 468)
4(205 460 471 216)
4(199 216 471 450)
4(216 214 472 471)
4(59 445 472 214)
4(216 215 474 471)
4(214 472 473 73)
4(215 73 473 474)
4(80 215 474 453)
4(217 475 476 218)
4(183 218 476 425)
4(58 415 475 217)
4(218 214 472 476)
4(217 475 473 73)
4(218 194 444 476)
4(208 464 477 221)
4(203 221 477 459)
4(221 219 478 477)
4(72 457 478 219)
4(221 220 480 477)
4(220 81 479 480)
4(219 478 479 81)
4(57 220 480 435)
4(222 481 482 224)
4(93 224 482 332)
4(14 331 481 222)
4(224 120 484 482)
4(222 481 483 65)
4(65 483 484 120)
4(224 223 486 482)
4(223 49 485 486)
4(120 484 485 49)
4(15 223 486 333)
4(189 436 487 226)
4(225 226 487 488)
4(37 225 488 401)
4(226 220 480 487)
4(226 140 489 487)
4(140 81 479 489)
4(225 70 490 488)
4(70 140 489 490)
4(227 492 493 230)
4(229 230 493 494)
4(63 491 492 227)
4(63 229 494 491)
4(230 228 496 493)
4(76 495 496 228)
4(227 492 495 76)
4(230 154 386 493)
4(228 496 387 38)
4(229 51 385 494)
4(231 497 498 233)
4(192 233 498 438)
4(64 442 497 231)
4(233 232 500 498)
4(35 499 500 232)
4(231 497 499 35)
4(233 114 375 498)
4(232 500 364 4)
4(234 501 502 237)
4(110 237 502 367)
4(28 366 501 234)
4(237 235 504 502)
4(234 501 503 46)
4(46 503 504 235)
4(237 236 506 502)
4(236 62 505 506)
4(235 504 505 62)
4(29 236 506 368)
4(238 507 508 239)
4(228 239 508 496)
4(76 495 507 238)
4(239 217 475 508)
4(238 507 473 73)
4(239 173 414 508)
4(240 510 511 241)
4(145 241 511 512)
4(50 509 510 240)
4(50 145 512 509)
4(241 111 369 511)
4(240 510 352 3)
4(241 236 506 511)
4(145 62 505 512)
4(166 406 513 243)
4(92 243 513 330)
4(243 242 514 513)
4(41 405 514 242)
4(243 222 481 513)
4(242 514 483 65)
4(131 516 517 244)
4(148 244 517 518)
4(56 515 516 131)
4(56 148 518 515)
4(244 165 402 517)
4(131 516 405 41)
4(244 225 488 517)
4(148 70 490 518)
4(245 520 521 248)
4(247 248 521 522)
4(75 247 522 519)
4(75 519 520 245)
4(248 246 524 521)
4(245 520 523 54)
4(54 523 524 246)
4(248 169 408 521)
4(246 524 411 45)
4(247 36 407 522)
4(112 371 525 250)
4(191 250 525 439)
4(250 210 466 525)
4(250 249 526 525)
4(249 39 465 526)
4(47 249 526 440)
4(251 527 528 254)
4(253 254 528 529)
4(46 503 527 251)
4(46 253 529 503)
4(254 252 530 528)
4(251 527 499 35)
4(35 499 530 252)
4(254 130 532 528)
4(252 530 531 55)
4(130 55 531 532)
4(253 71 533 529)
4(71 130 532 533)
4(255 535 536 257)
4(256 257 536 537)
4(69 256 537 534)
4(69 534 535 255)
4(257 215 474 536)
4(255 535 453 80)
4(257 238 507 536)
4(256 76 495 537)
4(258 539 540 260)
4(147 260 540 541)
4(67 538 539 258)
4(67 147 541 538)
4(260 247 522 540)
4(258 539 519 75)
4(260 259 542 540)
4(259 36 407 542)
4(50 259 542 509)
4(147 50 509 541)
4(109 365 543 261)
4(234 261 543 501)
4(261 232 500 543)
4(261 251 527 543)
4(135 544 545 263)
4(231 263 545 497)
4(64 442 544 135)
4(263 262 547 545)
4(74 546 547 262)
4(135 544 546 74)
4(263 252 530 545)
4(262 547 531 55)
4(256 537 548 266)
4(265 266 548 549)
4(69 265 549 534)
4(266 227 492 548)
4(266 264 550 548)
4(264 63 491 550)
4(265 54 523 549)
4(54 264 550 523)
4(127 551 552 269)
4(258 269 552 539)
4(67 538 551 127)
4(269 267 554 552)
4(78 553 554 267)
4(127 551 553 78)
4(269 268 556 552)
4(268 82 555 556)
4(267 554 555 82)
4(75 268 556 519)
4(149 557 558 270)
4(262 270 558 547)
4(74 546 557 149)
4(270 142 559 558)
4(70 490 559 142)
4(149 557 490 70)
4(270 128 561 558)
4(128 79 560 561)
4(142 559 560 79)
4(55 128 561 531)
4(265 549 562 272)
4(271 272 562 563)
4(69 271 563 534)
4(272 245 520 562)
4(272 268 556 562)
4(271 82 555 563)
4(129 564 565 275)
4(126 275 565 566)
4(71 126 566 533)
4(71 533 564 129)
4(275 273 567 565)
4(79 560 567 273)
4(129 564 560 79)
4(275 274 569 565)
4(274 84 568 569)
4(273 567 568 84)
4(78 274 569 553)
4(126 78 553 566)
4(102 350 570 278)
4(277 278 570 571)
4(22 277 571 349)
4(278 108 363 570)
4(278 276 572 570)
4(276 27 362 572)
4(277 52 573 571)
4(52 276 572 573)
4(143 575 576 280)
4(279 280 576 577)
4(66 279 577 574)
4(66 574 575 143)
4(280 101 348 576)
4(143 575 347 21)
4(280 277 571 576)
4(279 52 573 577)
4(276 572 578 282)
4(281 282 578 579)
4(52 281 579 573)
4(282 107 361 578)
4(282 186 432 578)
4(281 42 431 579)
4(152 580 581 283)
4(116 283 581 379)
4(32 378 580 152)
4(283 119 582 581)
4(49 485 582 119)
4(152 580 485 49)
4(283 211 469 581)
4(119 582 470 48)
4(103 353 583 284)
4(171 284 583 410)
4(284 240 510 583)
4(284 259 542 583)
4(285 585 586 286)
4(133 286 586 587)
4(68 584 585 285)
4(68 133 587 584)
4(286 121 588 586)
4(285 585 470 48)
4(48 470 588 121)
4(286 242 514 586)
4(121 588 483 65)
4(133 41 405 587)
4(264 550 589 288)
4(246 288 589 524)
4(288 287 590 589)
4(63 491 590 287)
4(288 197 447 589)
4(287 590 429 61)
4(123 592 593 290)
4(289 290 593 594)
4(77 289 594 591)
4(77 591 592 123)
4(290 287 590 593)
4(123 592 429 61)
4(290 229 494 593)
4(289 51 385 594)
4(153 383 595 292)
4(289 292 595 594)
4(292 144 596 595)
4(20 345 596 144)
4(292 291 597 595)
4(291 66 574 597)
4(144 596 574 66)
4(77 291 597 591)
4(125 598 599 293)
4(253 293 599 529)
4(71 533 598 125)
4(293 146 600 599)
4(125 598 538 67)
4(67 538 600 146)
4(293 235 504 599)
4(146 600 505 62)
4(274 569 601 295)
4(267 295 601 554)
4(295 138 602 601)
4(84 568 602 138)
4(295 294 603 601)
4(294 83 455 603)
4(138 602 455 83)
4(82 294 603 555)
4(219 478 604 296)
4(141 296 604 605)
4(81 141 605 479)
4(296 139 606 604)
4(72 457 606 139)
4(296 273 567 604)
4(139 606 568 84)
4(141 79 560 605)
4(255 535 607 297)
4(200 297 607 454)
4(297 271 563 607)
4(297 294 603 607)
4(150 608 609 299)
4(132 299 609 610)
4(56 132 610 515)
4(56 515 608 150)
4(299 134 611 609)
4(74 546 611 134)
4(150 608 546 74)
4(299 298 612 609)
4(298 47 440 612)
4(134 611 440 47)
4(68 298 612 584)
4(132 68 584 610)
4(291 597 613 300)
4(124 300 613 614)
4(77 124 614 591)
4(300 279 577 613)
4(300 281 579 613)
4(124 42 431 614)
4(223 486 615 301)
4(94 301 615 334)
4(301 151 616 615)
4(49 485 616 151)
4(301 118 382 615)
4(151 616 376 6)
4(298 612 617 302)
4(285 302 617 585)
4(302 249 526 617)
4(302 212 468 617)
4(119 582 618 303)
4(121 303 618 588)
4(303 120 484 618)
4(122 430 619 304)
4(124 304 619 614)
4(304 123 592 619)
4(125 598 620 305)
4(127 305 620 551)
4(305 126 566 620)
4(128 561 621 306)
4(130 306 621 532)
4(306 129 564 621)
4(131 516 622 307)
4(133 307 622 587)
4(307 132 610 622)
4(134 611 623 308)
4(136 308 623 441)
4(308 135 544 623)
4(137 456 624 309)
4(139 309 624 606)
4(309 138 602 624)
4(140 489 625 310)
4(142 310 625 559)
4(310 141 605 625)
4(100 346 626 311)
4(144 311 626 596)
4(311 143 575 626)
4(145 512 627 312)
4(147 312 627 541)
4(312 146 600 627)
4(148 518 628 313)
4(150 313 628 608)
4(313 149 557 628)
4(151 616 629 314)
4(115 314 629 377)
4(314 152 580 629)
4(20 153 156 99)
4(153 51 154 156)
4(156 154 38 155)
4(99 156 155 19)
4(43 157 160 159)
4(157 40 158 160)
4(160 158 16 96)
4(159 160 96 17)
4(9 161 164 88)
4(161 34 162 164)
4(164 162 44 163)
4(88 164 163 10)
4(37 165 168 167)
4(165 41 166 168)
4(168 166 13 91)
4(167 168 91 12)
4(36 169 172 171)
4(169 45 170 172)
4(172 170 24 104)
4(171 172 104 23)
4(19 155 175 98)
4(155 38 173 175)
4(175 173 58 174)
4(98 175 174 18)
4(7 85 177 176)
4(85 0 95 177)
4(177 95 16 158)
4(176 177 158 40)
4(8 86 180 179)
4(86 7 176 180)
4(180 176 40 178)
4(179 180 178 60)
4(60 181 182 179)
4(181 34 161 182)
4(182 161 9 87)
4(179 182 87 8)
4(58 183 184 174)
4(183 43 159 184)
4(184 159 17 97)
4(174 184 97 18)
4(25 185 187 106)
4(185 61 122 187)
4(187 122 42 186)
4(106 187 186 26)
4(11 188 190 90)
4(188 57 189 190)
4(190 189 37 167)
4(90 190 167 12)
4(31 113 193 192)
4(113 30 191 193)
4(193 191 47 136)
4(192 193 136 64)
4(40 157 196 178)
4(157 43 194 196)
4(196 194 59 195)
4(178 196 195 60)
4(45 197 198 170)
4(197 61 185 198)
4(198 185 25 105)
4(170 198 105 24)
4(53 199 202 201)
4(199 80 200 202)
4(202 200 83 137)
4(201 202 137 72)
4(10 163 204 89)
4(163 44 203 204)
4(204 203 57 188)
4(89 204 188 11)
4(59 205 207 195)
4(205 53 206 207)
4(207 206 34 181)
4(195 207 181 60)
4(53 201 209 206)
4(201 72 208 209)
4(209 208 44 162)
4(206 209 162 34)
4(39 210 213 212)
4(210 5 117 213)
4(213 117 33 211)
4(212 213 211 48)
4(53 205 216 199)
4(205 59 214 216)
4(216 214 73 215)
4(199 216 215 80)
4(58 217 218 183)
4(217 73 214 218)
4(218 214 59 194)
4(183 218 194 43)
4(44 208 221 203)
4(208 72 219 221)
4(221 219 81 220)
4(203 221 220 57)
4(14 222 224 93)
4(222 65 120 224)
4(224 120 49 223)
4(93 224 223 15)
4(37 189 226 225)
4(189 57 220 226)
4(226 220 81 140)
4(225 226 140 70)
4(63 227 230 229)
4(227 76 228 230)
4(230 228 38 154)
4(229 230 154 51)
4(64 231 233 192)
4(231 35 232 233)
4(233 232 4 114)
4(192 233 114 31)
4(28 234 237 110)
4(234 46 235 237)
4(237 235 62 236)
4(110 237 236 29)
4(76 238 239 228)
4(238 73 217 239)
4(239 217 58 173)
4(228 239 173 38)
4(50 240 241 145)
4(240 3 111 241)
4(241 111 29 236)
4(145 241 236 62)
4(13 166 243 92)
4(166 41 242 243)
4(243 242 65 222)
4(92 243 222 14)
4(56 131 244 148)
4(131 41 165 244)
4(244 165 37 225)
4(148 244 225 70)
4(75 245 248 247)
4(245 54 246 248)
4(248 246 45 169)
4(247 248 169 36)
4(30 112 250 191)
4(112 5 210 250)
4(250 210 39 249)
4(191 250 249 47)
4(46 251 254 253)
4(251 35 252 254)
4(254 252 55 130)
4(253 254 130 71)
4(69 255 257 256)
4(255 80 215 257)
4(257 215 73 238)
4(256 257 238 76)
4(67 258 260 147)
4(258 75 247 260)
4(260 247 36 259)
4(147 260 259 50)
4(28 109 261 234)
4(109 4 232 261)
4(261 232 35 251)
4(234 261 251 46)
4(64 135 263 231)
4(135 74 262 263)
4(263 262 55 252)
4(231 263 252 35)
4(69 256 266 265)
4(256 76 227 266)
4(266 227 63 264)
4(265 266 264 54)
4(67 127 269 258)
4(127 78 267 269)
4(269 267 82 268)
4(258 269 268 75)
4(74 149 270 262)
4(149 70 142 270)
4(270 142 79 128)
4(262 270 128 55)
4(69 265 272 271)
4(265 54 245 272)
4(272 245 75 268)
4(271 272 268 82)
4(71 129 275 126)
4(129 79 273 275)
4(275 273 84 274)
4(126 275 274 78)
4(22 102 278 277)
4(102 2 108 278)
4(278 108 27 276)
4(277 278 276 52)
4(66 143 280 279)
4(143 21 101 280)
4(280 101 22 277)
4(279 280 277 52)
4(52 276 282 281)
4(276 27 107 282)
4(282 107 26 186)
4(281 282 186 42)
4(32 152 283 116)
4(152 49 119 283)
4(283 119 48 211)
4(116 283 211 33)
4(23 103 284 171)
4(103 3 240 284)
4(284 240 50 259)
4(171 284 259 36)
4(68 285 286 133)
4(285 48 121 286)
4(286 121 65 242)
4(133 286 242 41)
4(54 264 288 246)
4(264 63 287 288)
4(288 287 61 197)
4(246 288 197 45)
4(77 123 290 289)
4(123 61 287 290)
4(290 287 63 229)
4(289 290 229 51)
4(51 153 292 289)
4(153 20 144 292)
4(292 144 66 291)
4(289 292 291 77)
4(71 125 293 253)
4(125 67 146 293)
4(293 146 62 235)
4(253 293 235 46)
4(78 274 295 267)
4(274 84 138 295)
4(295 138 83 294)
4(267 295 294 82)
4(81 219 296 141)
4(219 72 139 296)
4(296 139 84 273)
4(141 296 273 79)
4(80 255 297 200)
4(255 69 271 297)
4(297 271 82 294)
4(200 297 294 83)
4(56 150 299 132)
4(150 74 134 299)
4(299 134 47 298)
4(132 299 298 68)
4(77 291 300 124)
4(291 66 279 300)
4(300 279 52 281)
4(124 300 281 42)
4(15 223 301 94)
4(223 49 151 301)
4(301 151 6 118)
4(94 301 118 1)
4(68 298 302 285)
4(298 47 249 302)
4(302 249 39 212)
4(285 302 212 48)
4(48 119 303 121)
4(119 49 120 303)
4(121 303 120 65)
4(42 122 304 124)
4(122 61 123 304)
4(124 304 123 77)
4(67 125 305 127)
4(125 71 126 305)
4(127 305 126 78)
4(55 128 306 130)
4(128 79 129 306)
4(130 306 129 71)
4(41 131 307 133)
4(131 56 132 307)
4(133 307 132 68)
4(47 134 308 136)
4(134 74 135 308)
4(136 308 135 64)
4(72 137 309 139)
4(137 83 138 309)
4(139 309 138 84)
4(70 140 310 142)
4(140 81 141 310)
4(142 310 141 79)
4(20 100 311 144)
4(100 21 143 311)
4(144 311 143 66)
4(50 145 312 147)
4(145 62 146 312)
4(147 312 146 67)
4(56 148 313 150)
4(148 70 149 313)
4(150 313 149 74)
4(6 151 314 115)
4(151 49 152 314)
4(115 314 152 32)
4(345 344 384 383)
4(383 384 386 385)
4(384 388 387 386)
4(344 343 388 384)
4(389 392 391 390)
4(390 391 394 393)
4(391 338 337 394)
4(392 339 338 391)
4(321 322 396 395)
4(395 396 398 397)
4(396 400 399 398)
4(322 323 400 396)
4(401 404 403 402)
4(402 403 406 405)
4(403 328 329 406)
4(404 327 328 403)
4(407 410 409 408)
4(408 409 412 411)
4(409 355 356 412)
4(410 354 355 409)
4(343 342 413 388)
4(388 413 414 387)
4(413 416 415 414)
4(342 341 416 413)
4(317 418 417 316)
4(316 417 336 315)
4(417 394 337 336)
4(418 393 394 417)
4(319 420 419 318)
4(318 419 418 317)
4(419 421 393 418)
4(420 422 421 419)
4(422 420 424 423)
4(423 424 395 397)
4(424 320 321 395)
4(420 319 320 424)
4(415 416 426 425)
4(425 426 392 389)
4(426 340 339 392)
4(416 341 340 426)
4(358 359 428 427)
4(427 428 430 429)
4(428 432 431 430)
4(359 360 432 428)
4(325 326 434 433)
4(433 434 436 435)
4(434 404 401 436)
4(326 327 404 434)
4(374 438 437 373)
4(373 437 439 372)
4(437 441 440 439)
4(438 442 441 437)
4(393 421 443 390)
4(390 443 444 389)
4(443 446 445 444)
4(421 422 446 443)
4(411 412 448 447)
4(447 448 427 429)
4(448 357 358 427)
4(412 356 357 448)
4(449 452 451 450)
4(450 451 454 453)
4(451 456 455 454)
4(452 457 456 451)
4(323 324 458 400)
4(400 458 459 399)
4(458 433 435 459)
4(324 325 433 458)
4(445 446 461 460)
4(460 461 462 449)
4(461 423 397 462)
4(446 422 423 461)
4(449 462 463 452)
4(452 463 464 457)
4(463 398 399 464)
4(462 397 398 463)
4(465 468 467 466)
4(466 467 381 370)
4(467 469 380 381)
4(468 470 469 467)
4(449 450 471 460)
4(460 471 472 445)
4(471 474 473 472)
4(450 453 474 471)
4(415 425 476 475)
4(475 476 472 473)
4(476 444 445 472)
4(425 389 444 476)
4(399 459 477 464)
4(464 477 478 457)
4(477 480 479 478)
4(459 435 480 477)
4(331 332 482 481)
4(481 482 484 483)
4(482 486 485 484)
4(332 333 486 482)
4(401 488 487 436)
4(436 487 480 435)
4(487 489 479 480)
4(488 490 489 487)
4(491 494 493 492)
4(492 493 496 495)
4(493 386 387 496)
4(494 385 386 493)
4(442 438 498 497)
4(497 498 500 499)
4(498 375 364 500)
4(438 374 375 498)
4(366 367 502 501)
4(501 502 504 503)
4(502 506 505 504)
4(367 368 506 502)
4(495 496 508 507)
4(507 508 475 473)
4(508 414 415 475)
4(496 387 414 508)
4(509 512 511 510)
4(510 511 369 352)
4(511 506 368 369)
4(512 505 506 511)
4(329 330 513 406)
4(406 513 514 405)
4(513 481 483 514)
4(330 331 481 513)
4(515 518 517 516)
4(516 517 402 405)
4(517 488 401 402)
4(518 490 488 517)
4(519 522 521 520)
4(520 521 524 523)
4(521 408 411 524)
4(522 407 408 521)
4(372 439 525 371)
4(371 525 466 370)
4(525 526 465 466)
4(439 440 526 525)
4(503 529 528 527)
4(527 528 530 499)
4(528 532 531 530)
4(529 533 532 528)
4(534 537 536 535)
4(535 536 474 453)
4(536 507 473 474)
4(537 495 507 536)
4(538 541 540 539)
4(539 540 522 519)
4(540 542 407 522)
4(541 509 542 540)
4(366 501 543 365)
4(365 543 500 364)
4(543 527 499 500)
4(501 503 527 543)
4(442 497 545 544)
4(544 545 547 546)
4(545 530 531 547)
4(497 499 530 545)
4(534 549 548 537)
4(537 548 492 495)
4(548 550 491 492)
4(549 523 550 548)
4(538 539 552 551)
4(551 552 554 553)
4(552 556 555 554)
4(539 519 556 552)
4(546 547 558 557)
4(557 558 559 490)
4(558 561 560 559)
4(547 531 561 558)
4(534 563 562 549)
4(549 562 520 523)
4(562 556 519 520)
4(563 555 556 562)
4(533 566 565 564)
4(564 565 567 560)
4(565 569 568 567)
4(566 553 569 565)
4(349 571 570 350)
4(350 570 363 351)
4(570 572 362 363)
4(571 573 572 570)
4(574 577 576 575)
4(575 576 348 347)
4(576 571 349 348)
4(577 573 571 576)
4(573 579 578 572)
4(572 578 361 362)
4(578 432 360 361)
4(579 431 432 578)
4(378 379 581 580)
4(580 581 582 485)
4(581 469 470 582)
4(379 380 469 581)
4(354 410 583 353)
4(353 583 510 352)
4(583 542 509 510)
4(410 407 542 583)
4(584 587 586 585)
4(585 586 588 470)
4(586 514 483 588)
4(587 405 514 586)
4(523 524 589 550)
4(550 589 590 491)
4(589 447 429 590)
4(524 411 447 589)
4(591 594 593 592)
4(592 593 590 429)
4(593 494 491 590)
4(594 385 494 593)
4(385 594 595 383)
4(383 595 596 345)
4(595 597 574 596)
4(594 591 597 595)
4(533 529 599 598)
4(598 599 600 538)
4(599 504 505 600)
4(529 503 504 599)
4(553 554 601 569)
4(569 601 602 568)
4(601 603 455 602)
4(554 555 603 601)
4(479 605 604 478)
4(478 604 606 457)
4(604 567 568 606)
4(605 560 567 604)
4(453 454 607 535)
4(535 607 563 534)
4(607 603 555 563)
4(454 455 603 607)
4(515 610 609 608)
4(608 609 611 546)
4(609 612 440 611)
4(610 584 612 609)
4(591 614 613 597)
4(597 613 577 574)
4(613 579 573 577)
4(614 431 579 613)
4(333 334 615 486)
4(486 615 616 485)
4(615 382 376 616)
4(334 335 382 615)
4(584 585 617 612)
4(612 617 526 440)
4(617 468 465 526)
4(585 470 468 617)
4(470 588 618 582)
4(582 618 484 485)
4(588 483 484 618)
4(431 614 619 430)
4(430 619 592 429)
4(614 591 592 619)
4(538 551 620 598)
4(598 620 566 533)
4(551 553 566 620)
4(531 532 621 561)
4(561 621 564 560)
4(532 533 564 621)
4(405 587 622 516)
4(516 622 610 515)
4(587 584 610 622)
4(440 441 623 611)
4(611 623 544 546)
4(441 442 544 623)
4(457 606 624 456)
4(456 624 602 455)
4(606 568 602 624)
4(490 559 625 489)
4(489 625 605 479)
4(559 560 605 625)
4(345 596 626 346)
4(346 626 575 347)
4(596 574 575 626)
4(509 541 627 512)
4(512 627 600 505)
4(541 538 600 627)
4(515 608 628 518)
4(518 628 557 490)
4(608 546 557 628)
4(376 377 629 616)
4(616 629 580 485)
4(377 378 580 629)
4(103 353 352 3)
4(23 354 353 103)
4(23 104 355 354)
4(104 24 356 355)
4(24 105 357 356)
4(105 25 358 357)
4(25 106 359 358)
4(106 26 360 359)
4(107 361 360 26)
4(27 362 361 107)
4(108 363 362 27)
4(2 351 363 108)
4(109 365 364 4)
4(28 366 365 109)
4(28 110 367 366)
4(110 29 368 367)
4(111 369 368 29)
4(3 352 369 111)
4(112 371 370 5)
4(30 372 371 112)
4(113 373 372 30)
4(31 374 373 113)
4(31 114 375 374)
4(114 4 364 375)
4(6 115 377 376)
4(115 32 378 377)
4(32 116 379 378)
4(116 33 380 379)
4(117 381 380 33)
4(5 370 381 117)
4(1 118 382 335)
4(118 6 376 382)
4(12 327 326 90)
4(90 326 325 11)
4(11 325 324 89)
4(89 324 323 10)
4(10 323 322 88)
4(88 322 321 9)
4(9 321 320 87)
4(87 320 319 8)
4(85 316 315 0)
4(7 317 316 85)
4(86 318 317 7)
4(8 319 318 86)
4(91 328 327 12)
4(13 329 328 91)
4(14 331 330 92)
4(92 330 329 13)
4(15 333 332 93)
4(93 332 331 14)
4(15 94 334 333)
4(94 1 335 334)
4(20 99 344 345)
4(99 19 343 344)
4(96 16 337 338)
4(17 96 338 339)
4(19 98 342 343)
4(98 18 341 342)
4(0 315 336 95)
4(95 336 337 16)
4(97 17 339 340)
4(18 97 340 341)
4(22 349 350 102)
4(102 350 351 2)
4(21 347 348 101)
4(101 348 349 22)
4(20 345 346 100)
4(100 346 347 21)
)


// ************************************************************************* //
