/*--------------------------------*- C++ -*----------------------------------*\
| =========                 |                                                 |
| \\      /  F ield         | OpenFOAM: The Open Source CFD Toolbox           |
|  \\    /   O peration     | Version:  4.1                                   |
|   \\  /    A nd           | Web:      www.OpenFOAM.org                      |
|    \\/     M anipulation  |                                                 |
\*---------------------------------------------------------------------------*/
FoamFile
{
    version     2.0;
    format      ascii;
    class       labelList;
    note        "nPoints:630  nCells:280  nFaces:1154  nInternalFaces:526";
    location    "constant/Warhead_rotated/polyMesh";
    object      neighbour;
}
// * * * * * * * * * * * * * * * * * * * * * * * * * * * * * * * * * * * * * //


526
(
1
3
209
2
103
208
3
21
102
20
5
7
37
53
6
27
52
7
26
38
9
11
34
10
33
75
11
65
74
64
13
15
46
126
14
121
125
15
120
47
17
19
131
195
18
56
130
19
59
192
21
23
22
115
23
36
114
39
25
27
29
26
27
30
29
31
35
30
31
52
32
55
33
35
71
34
70
35
37
39
84
38
87
39
41
43
58
42
57
248
43
187
247
186
45
47
67
46
66
97
47
96
49
51
107
50
132
51
135
259
104
261
53
55
54
87
55
68
86
71
57
59
203
58
202
59
61
63
72
80
62
83
224
63
227
263
73
262
65
67
66
88
67
91
69
71
81
70
72
80
71
75
73
75
74
89
75
88
77
79
134
242
78
133
79
191
190
243
81
83
82
86
83
85
142
141
85
87
114
86
113
87
89
91
90
221
91
98
220
97
93
95
123
94
122
246
95
237
245
236
97
99
126
98
99
266
127
265
101
103
158
206
102
112
157
103
115
207
105
107
152
106
150
155
107
149
109
111
148
110
151
215
111
119
214
118
113
115
143
114
142
115
117
119
194
271
118
193
119
272
121
123
122
199
123
198
125
127
257
274
126
256
127
275
129
131
145
170
130
169
200
131
203
146
133
135
134
135
242
241
137
139
151
215
138
150
155
139
154
253
212
255
141
143
156
225
142
224
143
157
145
147
160
273
146
163
147
195
194
271
149
151
150
151
153
155
261
154
164
260
155
167
157
159
168
158
159
201
169
200
161
163
250
162
216
252
163
171
219
170
165
167
276
166
265
275
167
254
267
253
169
171
225
170
171
226
173
175
251
255
174
223
254
175
217
222
216
252
177
179
182
178
179
185
183
184
181
183
233
270
182
269
183
234
185
187
234
186
187
235
189
191
279
190
245
278
191
244
193
195
194
195
197
199
240
258
198
243
244
199
246
256
201
203
202
206
203
205
205
207
211
249
206
248
207
208
209
211
210
268
211
233
270
232
213
215
251
214
250
273
215
272
217
219
218
264
219
227
263
226
221
223
266
222
262
223
264
267
225
227
226
227
229
231
257
274
230
260
276
231
241
259
240
258
233
235
249
234
235
247
237
239
238
278
239
277
241
243
242
243
245
246
246
248
249
249
251
252
252
254
255
255
257
258
258
260
261
261
263
264
264
266
267
267
269
270
270
272
273
273
275
276
276
278
279
279
)


// ************************************************************************* //
