/*--------------------------------*- C++ -*----------------------------------*\
| =========                 |                                                 |
| \\      /  F ield         | OpenFOAM: The Open Source CFD Toolbox           |
|  \\    /   O peration     | Version:  4.1                                   |
|   \\  /    A nd           | Web:      www.OpenFOAM.org                      |
|    \\/     M anipulation  |                                                 |
\*---------------------------------------------------------------------------*/
FoamFile
{
    version     2.0;
    format      ascii;
    class       vectorField;
    location    "constant/Barrel_rotated/polyMesh";
    object      points;
}
// * * * * * * * * * * * * * * * * * * * * * * * * * * * * * * * * * * * * * //


2074
(
(-3.5355339 3.5355339 15)
(-6.363961 6.363961 15)
(-3.5355339 3.5355339 0)
(-6.363961 6.363961 0)
(-3.8890873 3.8890873 15)
(-4.2426407 4.2426407 15)
(-4.5961941 4.5961941 15)
(-4.9497475 4.9497475 15)
(-5.3033009 5.3033009 15)
(-5.6568542 5.6568542 15)
(-6.0104076 6.0104076 15)
(-3.5355339 3.5355339 0.5)
(-3.5355339 3.5355339 1)
(-3.5355339 3.5355339 1.5)
(-3.5355339 3.5355339 2)
(-3.5355339 3.5355339 2.5)
(-3.5355339 3.5355339 3)
(-3.5355339 3.5355339 3.5)
(-3.5355339 3.5355339 4)
(-3.5355339 3.5355339 4.5)
(-3.5355339 3.5355339 5)
(-3.5355339 3.5355339 5.5)
(-3.5355339 3.5355339 6)
(-3.5355339 3.5355339 6.5)
(-3.5355339 3.5355339 7)
(-3.5355339 3.5355339 7.5)
(-3.5355339 3.5355339 8)
(-3.5355339 3.5355339 8.5)
(-3.5355339 3.5355339 9)
(-3.5355339 3.5355339 9.5)
(-3.5355339 3.5355339 10)
(-3.5355339 3.5355339 10.5)
(-3.5355339 3.5355339 11)
(-3.5355339 3.5355339 11.5)
(-3.5355339 3.5355339 12)
(-3.5355339 3.5355339 12.5)
(-3.5355339 3.5355339 13)
(-3.5355339 3.5355339 13.5)
(-3.5355339 3.5355339 14)
(-3.5355339 3.5355339 14.5)
(-3.8890873 3.8890873 0)
(-4.2426407 4.2426407 0)
(-4.5961941 4.5961941 0)
(-4.9497475 4.9497475 0)
(-5.3033009 5.3033009 0)
(-5.6568542 5.6568542 0)
(-6.0104076 6.0104076 0)
(-6.363961 6.363961 0.5)
(-6.363961 6.363961 1)
(-6.363961 6.363961 1.5)
(-6.363961 6.363961 2)
(-6.363961 6.363961 2.5)
(-6.363961 6.363961 3)
(-6.363961 6.363961 3.5)
(-6.363961 6.363961 4)
(-6.363961 6.363961 4.5)
(-6.363961 6.363961 5)
(-6.363961 6.363961 5.5)
(-6.363961 6.363961 6)
(-6.363961 6.363961 6.5)
(-6.363961 6.363961 7)
(-6.363961 6.363961 7.5)
(-6.363961 6.363961 8)
(-6.363961 6.363961 8.5)
(-6.363961 6.363961 9)
(-6.363961 6.363961 9.5)
(-6.363961 6.363961 10)
(-6.363961 6.363961 10.5)
(-6.363961 6.363961 11)
(-6.363961 6.363961 11.5)
(-6.363961 6.363961 12)
(-6.363961 6.363961 12.5)
(-6.363961 6.363961 13)
(-6.363961 6.363961 13.5)
(-6.363961 6.363961 14)
(-6.363961 6.363961 14.5)
(-3.8890873 3.8890873 2)
(-3.8890873 3.8890873 3.5)
(-3.8890873 3.8890873 5)
(-3.8890873 3.8890873 6.5)
(-3.8890873 3.8890873 8)
(-3.8890873 3.8890873 9.5)
(-3.8890873 3.8890873 11)
(-3.8890873 3.8890873 12.5)
(-6.0104076 6.0104076 2.5)
(-6.0104076 6.0104076 4)
(-6.0104076 6.0104076 5.5)
(-6.0104076 6.0104076 7)
(-6.0104076 6.0104076 8.5)
(-6.0104076 6.0104076 10)
(-6.0104076 6.0104076 11.5)
(-6.0104076 6.0104076 13)
(-4.9497475 4.9497475 14.5)
(-4.9497475 4.9497475 0.5)
(-6.0104076 6.0104076 1.5)
(-3.8890873 3.8890873 13.5)
(-3.8890873 3.8890873 14.5)
(-6.0104076 6.0104076 14.5)
(-3.8890873 3.8890873 0.5)
(-6.0104076 6.0104076 0.5)
(-4.2426407 4.2426407 0.5)
(-5.3033009 5.3033009 0.5)
(-4.5961941 4.5961941 14.5)
(-3.8890873 3.8890873 1)
(-3.8890873 3.8890873 2.5)
(-3.8890873 3.8890873 4)
(-3.8890873 3.8890873 5.5)
(-3.8890873 3.8890873 7)
(-3.8890873 3.8890873 8.5)
(-3.8890873 3.8890873 10)
(-3.8890873 3.8890873 11.5)
(-6.0104076 6.0104076 3.5)
(-6.0104076 6.0104076 5)
(-6.0104076 6.0104076 6.5)
(-6.0104076 6.0104076 8)
(-6.0104076 6.0104076 9.5)
(-6.0104076 6.0104076 11)
(-6.0104076 6.0104076 12.5)
(-6.0104076 6.0104076 14)
(-5.6568542 5.6568542 14.5)
(-4.2426407 4.2426407 2)
(-4.2426407 4.2426407 3.5)
(-4.2426407 4.2426407 5)
(-4.2426407 4.2426407 6.5)
(-4.2426407 4.2426407 8)
(-4.2426407 4.2426407 9.5)
(-4.2426407 4.2426407 11)
(-5.6568542 5.6568542 13)
(-5.6568542 5.6568542 4)
(-5.6568542 5.6568542 5.5)
(-5.6568542 5.6568542 7)
(-5.6568542 5.6568542 8.5)
(-5.6568542 5.6568542 10)
(-5.6568542 5.6568542 11.5)
(-4.9497475 4.9497475 1)
(-4.9497475 4.9497475 14)
(-4.2426407 4.2426407 1)
(-5.6568542 5.6568542 14)
(-5.3033009 5.3033009 14.5)
(-4.5961941 4.5961941 0.5)
(-3.8890873 3.8890873 13)
(-4.2426407 4.2426407 14.5)
(-3.8890873 3.8890873 1.5)
(-3.8890873 3.8890873 3)
(-3.8890873 3.8890873 4.5)
(-3.8890873 3.8890873 6)
(-3.8890873 3.8890873 7.5)
(-3.8890873 3.8890873 9)
(-3.8890873 3.8890873 10.5)
(-3.8890873 3.8890873 12)
(-3.8890873 3.8890873 14)
(-5.6568542 5.6568542 0.5)
(-6.0104076 6.0104076 1)
(-6.0104076 6.0104076 2)
(-6.0104076 6.0104076 3)
(-6.0104076 6.0104076 4.5)
(-6.0104076 6.0104076 6)
(-6.0104076 6.0104076 7.5)
(-6.0104076 6.0104076 9)
(-6.0104076 6.0104076 10.5)
(-6.0104076 6.0104076 12)
(-6.0104076 6.0104076 13.5)
(-4.2426407 4.2426407 12.5)
(-5.6568542 5.6568542 3)
(-4.5961941 4.5961941 14)
(-5.3033009 5.3033009 1)
(-4.2426407 4.2426407 2.5)
(-4.2426407 4.2426407 4)
(-4.2426407 4.2426407 5.5)
(-4.2426407 4.2426407 7)
(-4.2426407 4.2426407 8.5)
(-4.2426407 4.2426407 10)
(-5.6568542 5.6568542 5)
(-5.6568542 5.6568542 6.5)
(-5.6568542 5.6568542 8)
(-5.6568542 5.6568542 9.5)
(-5.6568542 5.6568542 11)
(-5.6568542 5.6568542 12.5)
(-4.5961941 4.5961941 1)
(-4.2426407 4.2426407 13)
(-4.2426407 4.2426407 13.5)
(-5.3033009 5.3033009 14)
(-5.6568542 5.6568542 1.5)
(-5.6568542 5.6568542 1)
(-4.2426407 4.2426407 1.5)
(-4.2426407 4.2426407 14)
(-5.6568542 5.6568542 2.5)
(-4.2426407 4.2426407 11.5)
(-5.6568542 5.6568542 3.5)
(-4.2426407 4.2426407 3)
(-4.2426407 4.2426407 4.5)
(-4.2426407 4.2426407 6)
(-4.2426407 4.2426407 7.5)
(-4.2426407 4.2426407 9)
(-4.2426407 4.2426407 10.5)
(-5.6568542 5.6568542 4.5)
(-5.6568542 5.6568542 6)
(-5.6568542 5.6568542 7.5)
(-5.6568542 5.6568542 9)
(-5.6568542 5.6568542 10.5)
(-5.6568542 5.6568542 12)
(-5.6568542 5.6568542 13.5)
(-4.5961941 4.5961941 2)
(-5.3033009 5.3033009 12.5)
(-4.5961941 4.5961941 3.5)
(-4.5961941 4.5961941 5)
(-4.5961941 4.5961941 6.5)
(-4.5961941 4.5961941 8)
(-4.5961941 4.5961941 9.5)
(-5.3033009 5.3033009 11.5)
(-4.9497475 4.9497475 13.5)
(-5.3033009 5.3033009 1.5)
(-4.5961941 4.5961941 12.5)
(-4.5961941 4.5961941 11)
(-5.3033009 5.3033009 4)
(-5.3033009 5.3033009 5.5)
(-5.3033009 5.3033009 7)
(-5.3033009 5.3033009 8.5)
(-5.3033009 5.3033009 10)
(-5.3033009 5.3033009 3)
(-5.3033009 5.3033009 5)
(-5.3033009 5.3033009 6.5)
(-5.3033009 5.3033009 8)
(-5.3033009 5.3033009 9.5)
(-4.5961941 4.5961941 1.5)
(-4.5961941 4.5961941 13.5)
(-5.3033009 5.3033009 13.5)
(-5.6568542 5.6568542 2)
(-4.5961941 4.5961941 2.5)
(-4.2426407 4.2426407 12)
(-4.5961941 4.5961941 4)
(-4.5961941 4.5961941 5.5)
(-4.5961941 4.5961941 7)
(-4.5961941 4.5961941 8.5)
(-4.5961941 4.5961941 10)
(-5.3033009 5.3033009 11)
(-5.3033009 5.3033009 2.5)
(-4.5961941 4.5961941 11.5)
(-4.9497475 4.9497475 13)
(-4.5961941 4.5961941 13)
(-5.3033009 5.3033009 13)
(-4.9497475 4.9497475 2)
(-5.3033009 5.3033009 2)
(-5.3033009 5.3033009 12)
(-5.3033009 5.3033009 3.5)
(-4.5961941 4.5961941 3)
(-4.5961941 4.5961941 4.5)
(-4.5961941 4.5961941 6)
(-4.5961941 4.5961941 7.5)
(-4.5961941 4.5961941 9)
(-4.5961941 4.5961941 10.5)
(-5.3033009 5.3033009 4.5)
(-5.3033009 5.3033009 6)
(-5.3033009 5.3033009 7.5)
(-5.3033009 5.3033009 9)
(-5.3033009 5.3033009 10.5)
(-4.9497475 4.9497475 3.5)
(-4.9497475 4.9497475 5.5)
(-4.9497475 4.9497475 7)
(-4.9497475 4.9497475 8.5)
(-4.9497475 4.9497475 10)
(-4.9497475 4.9497475 11.5)
(-4.5961941 4.5961941 12)
(-4.9497475 4.9497475 1.5)
(-4.9497475 4.9497475 2.5)
(-4.9497475 4.9497475 12.5)
(-4.9497475 4.9497475 4.5)
(-4.9497475 4.9497475 5)
(-4.9497475 4.9497475 6)
(-4.9497475 4.9497475 6.5)
(-4.9497475 4.9497475 7.5)
(-4.9497475 4.9497475 8)
(-4.9497475 4.9497475 9)
(-4.9497475 4.9497475 9.5)
(-4.9497475 4.9497475 10.5)
(-4.9497475 4.9497475 11)
(-4.9497475 4.9497475 4)
(-4.9497475 4.9497475 3)
(-4.9497475 4.9497475 12)
(-3.7123106 3.7123106 15)
(-4.065864 4.065864 15)
(-4.4194174 4.4194174 15)
(-4.7729708 4.7729708 15)
(-5.1265242 5.1265242 15)
(-5.4800776 5.4800776 15)
(-5.8336309 5.8336309 15)
(-6.1871843 6.1871843 15)
(-3.5355339 3.5355339 0.25)
(-3.5355339 3.5355339 0.75)
(-3.5355339 3.5355339 1.25)
(-3.5355339 3.5355339 1.75)
(-3.5355339 3.5355339 2.25)
(-3.5355339 3.5355339 2.75)
(-3.5355339 3.5355339 3.25)
(-3.5355339 3.5355339 3.75)
(-3.5355339 3.5355339 4.25)
(-3.5355339 3.5355339 4.75)
(-3.5355339 3.5355339 5.25)
(-3.5355339 3.5355339 5.75)
(-3.5355339 3.5355339 6.25)
(-3.5355339 3.5355339 6.75)
(-3.5355339 3.5355339 7.25)
(-3.5355339 3.5355339 7.75)
(-3.5355339 3.5355339 8.25)
(-3.5355339 3.5355339 8.75)
(-3.5355339 3.5355339 9.25)
(-3.5355339 3.5355339 9.75)
(-3.5355339 3.5355339 10.25)
(-3.5355339 3.5355339 10.75)
(-3.5355339 3.5355339 11.25)
(-3.5355339 3.5355339 11.75)
(-3.5355339 3.5355339 12.25)
(-3.5355339 3.5355339 12.75)
(-3.5355339 3.5355339 13.25)
(-3.5355339 3.5355339 13.75)
(-3.5355339 3.5355339 14.25)
(-3.5355339 3.5355339 14.75)
(-3.7123106 3.7123106 0)
(-4.065864 4.065864 0)
(-4.4194174 4.4194174 0)
(-4.7729708 4.7729708 0)
(-5.1265242 5.1265242 0)
(-5.4800776 5.4800776 0)
(-5.8336309 5.8336309 0)
(-6.1871843 6.1871843 0)
(-6.363961 6.363961 0.25)
(-6.363961 6.363961 0.75)
(-6.363961 6.363961 1.25)
(-6.363961 6.363961 1.75)
(-6.363961 6.363961 2.25)
(-6.363961 6.363961 2.75)
(-6.363961 6.363961 3.25)
(-6.363961 6.363961 3.75)
(-6.363961 6.363961 4.25)
(-6.363961 6.363961 4.75)
(-6.363961 6.363961 5.25)
(-6.363961 6.363961 5.75)
(-6.363961 6.363961 6.25)
(-6.363961 6.363961 6.75)
(-6.363961 6.363961 7.25)
(-6.363961 6.363961 7.75)
(-6.363961 6.363961 8.25)
(-6.363961 6.363961 8.75)
(-6.363961 6.363961 9.25)
(-6.363961 6.363961 9.75)
(-6.363961 6.363961 10.25)
(-6.363961 6.363961 10.75)
(-6.363961 6.363961 11.25)
(-6.363961 6.363961 11.75)
(-6.363961 6.363961 12.25)
(-6.363961 6.363961 12.75)
(-6.363961 6.363961 13.25)
(-6.363961 6.363961 13.75)
(-6.363961 6.363961 14.25)
(-6.363961 6.363961 14.75)
(-5.3033009 5.3033009 5.25)
(-5.1265242 5.1265242 5.5)
(-4.9497475 4.9497475 5.25)
(-5.1265242 5.1265242 5)
(-5.1265242 5.1265242 5.25)
(-4.2426407 4.2426407 9.75)
(-4.4194174 4.4194174 9.5)
(-4.5961941 4.5961941 9.75)
(-4.4194174 4.4194174 10)
(-4.4194174 4.4194174 9.75)
(-4.2426407 4.2426407 8.25)
(-4.4194174 4.4194174 8)
(-4.5961941 4.5961941 8.25)
(-4.4194174 4.4194174 8.5)
(-4.4194174 4.4194174 8.25)
(-4.2426407 4.2426407 6.75)
(-4.4194174 4.4194174 6.5)
(-4.5961941 4.5961941 6.75)
(-4.4194174 4.4194174 7)
(-4.4194174 4.4194174 6.75)
(-4.2426407 4.2426407 5.25)
(-4.4194174 4.4194174 5)
(-4.5961941 4.5961941 5.25)
(-4.4194174 4.4194174 5.5)
(-4.4194174 4.4194174 5.25)
(-4.2426407 4.2426407 3.75)
(-4.4194174 4.4194174 3.5)
(-4.5961941 4.5961941 3.75)
(-4.4194174 4.4194174 4)
(-4.4194174 4.4194174 3.75)
(-4.2426407 4.2426407 2.25)
(-4.4194174 4.4194174 2)
(-4.5961941 4.5961941 2.25)
(-4.4194174 4.4194174 2.5)
(-4.4194174 4.4194174 2.25)
(-6.0104076 6.0104076 2.75)
(-5.8336309 5.8336309 3)
(-5.6568542 5.6568542 2.75)
(-5.8336309 5.8336309 2.5)
(-5.8336309 5.8336309 2.75)
(-5.4800776 5.4800776 1)
(-5.6568542 5.6568542 1.25)
(-5.4800776 5.4800776 1.5)
(-5.3033009 5.3033009 1.25)
(-5.4800776 5.4800776 1.25)
(-5.3033009 5.3033009 3.25)
(-5.1265242 5.1265242 3.5)
(-4.9497475 4.9497475 3.25)
(-5.1265242 5.1265242 3)
(-5.1265242 5.1265242 3.25)
(-5.6568542 5.6568542 12.25)
(-5.8336309 5.8336309 12)
(-6.0104076 6.0104076 12.25)
(-5.8336309 5.8336309 12.5)
(-5.8336309 5.8336309 12.25)
(-5.1265242 5.1265242 2.5)
(-5.3033009 5.3033009 2.75)
(-4.9497475 4.9497475 2.75)
(-5.1265242 5.1265242 2.75)
(-6.0104076 6.0104076 10.75)
(-5.8336309 5.8336309 11)
(-5.6568542 5.6568542 10.75)
(-5.8336309 5.8336309 10.5)
(-5.8336309 5.8336309 10.75)
(-6.0104076 6.0104076 9.25)
(-5.8336309 5.8336309 9.5)
(-5.6568542 5.6568542 9.25)
(-5.8336309 5.8336309 9)
(-5.8336309 5.8336309 9.25)
(-6.0104076 6.0104076 7.75)
(-5.8336309 5.8336309 8)
(-5.6568542 5.6568542 7.75)
(-5.8336309 5.8336309 7.5)
(-5.8336309 5.8336309 7.75)
(-5.6568542 5.6568542 5.25)
(-5.4800776 5.4800776 5.5)
(-5.4800776 5.4800776 5)
(-5.4800776 5.4800776 5.25)
(-6.0104076 6.0104076 6.25)
(-5.8336309 5.8336309 6.5)
(-5.6568542 5.6568542 6.25)
(-5.8336309 5.8336309 6)
(-5.8336309 5.8336309 6.25)
(-5.1265242 5.1265242 4.5)
(-5.3033009 5.3033009 4.75)
(-4.9497475 4.9497475 4.75)
(-5.1265242 5.1265242 4.75)
(-6.0104076 6.0104076 4.75)
(-5.8336309 5.8336309 5)
(-5.6568542 5.6568542 4.75)
(-5.8336309 5.8336309 4.5)
(-5.8336309 5.8336309 4.75)
(-5.6568542 5.6568542 2.25)
(-5.8336309 5.8336309 2)
(-6.0104076 6.0104076 2.25)
(-5.8336309 5.8336309 2.25)
(-5.8336309 5.8336309 1.5)
(-6.0104076 6.0104076 1.75)
(-5.6568542 5.6568542 1.75)
(-5.8336309 5.8336309 1.75)
(-5.3033009 5.3033009 6.75)
(-5.1265242 5.1265242 7)
(-4.9497475 4.9497475 6.75)
(-5.1265242 5.1265242 6.5)
(-5.1265242 5.1265242 6.75)
(-6.0104076 6.0104076 1.25)
(-5.8336309 5.8336309 1)
(-5.8336309 5.8336309 1.25)
(-5.1265242 5.1265242 6)
(-5.3033009 5.3033009 6.25)
(-4.9497475 4.9497475 6.25)
(-5.1265242 5.1265242 6.25)
(-5.3033009 5.3033009 0.75)
(-5.4800776 5.4800776 0.5)
(-5.6568542 5.6568542 0.75)
(-5.4800776 5.4800776 0.75)
(-5.8336309 5.8336309 0.5)
(-6.0104076 6.0104076 0.75)
(-5.8336309 5.8336309 0.75)
(-3.8890873 3.8890873 11.75)
(-4.065864 4.065864 11.5)
(-4.2426407 4.2426407 11.75)
(-4.065864 4.065864 12)
(-4.065864 4.065864 11.75)
(-4.065864 4.065864 12.5)
(-3.8890873 3.8890873 12.25)
(-4.2426407 4.2426407 12.25)
(-4.065864 4.065864 12.25)
(-5.1265242 5.1265242 2)
(-5.3033009 5.3033009 2.25)
(-4.9497475 4.9497475 2.25)
(-5.1265242 5.1265242 2.25)
(-4.5961941 4.5961941 5.75)
(-4.7729708 4.7729708 5.5)
(-4.9497475 4.9497475 5.75)
(-4.7729708 4.7729708 6)
(-4.7729708 4.7729708 5.75)
(-6.1871843 6.1871843 7)
(-6.1871843 6.1871843 7.5)
(-6.0104076 6.0104076 7.25)
(-6.1871843 6.1871843 7.25)
(-6.1871843 6.1871843 8)
(-6.1871843 6.1871843 7.75)
(-5.4800776 5.4800776 2.5)
(-5.4800776 5.4800776 3)
(-5.4800776 5.4800776 2.75)
(-6.1871843 6.1871843 8.5)
(-6.0104076 6.0104076 8.25)
(-6.1871843 6.1871843 8.25)
(-4.5961941 4.5961941 8.75)
(-4.7729708 4.7729708 8.5)
(-4.9497475 4.9497475 8.75)
(-4.7729708 4.7729708 9)
(-4.7729708 4.7729708 8.75)
(-6.1871843 6.1871843 9)
(-6.0104076 6.0104076 8.75)
(-6.1871843 6.1871843 8.75)
(-6.1871843 6.1871843 9.5)
(-6.1871843 6.1871843 9.25)
(-6.1871843 6.1871843 10)
(-6.0104076 6.0104076 9.75)
(-6.1871843 6.1871843 9.75)
(-4.5961941 4.5961941 7.25)
(-4.7729708 4.7729708 7)
(-4.9497475 4.9497475 7.25)
(-4.7729708 4.7729708 7.5)
(-4.7729708 4.7729708 7.25)
(-6.1871843 6.1871843 10.5)
(-6.0104076 6.0104076 10.25)
(-6.1871843 6.1871843 10.25)
(-6.1871843 6.1871843 11)
(-6.1871843 6.1871843 10.75)
(-6.1871843 6.1871843 11.5)
(-6.0104076 6.0104076 11.25)
(-6.1871843 6.1871843 11.25)
(-5.3033009 5.3033009 13.75)
(-5.4800776 5.4800776 13.5)
(-5.6568542 5.6568542 13.75)
(-5.4800776 5.4800776 14)
(-5.4800776 5.4800776 13.75)
(-5.3033009 5.3033009 8.25)
(-5.1265242 5.1265242 8.5)
(-4.9497475 4.9497475 8.25)
(-5.1265242 5.1265242 8)
(-5.1265242 5.1265242 8.25)
(-6.1871843 6.1871843 12)
(-6.0104076 6.0104076 11.75)
(-6.1871843 6.1871843 11.75)
(-6.1871843 6.1871843 13)
(-6.0104076 6.0104076 12.75)
(-6.1871843 6.1871843 12.5)
(-6.1871843 6.1871843 12.75)
(-4.2426407 4.2426407 1.25)
(-4.4194174 4.4194174 1)
(-4.5961941 4.5961941 1.25)
(-4.4194174 4.4194174 1.5)
(-4.4194174 4.4194174 1.25)
(-6.1871843 6.1871843 13.5)
(-6.0104076 6.0104076 13.25)
(-6.1871843 6.1871843 13.25)
(-6.1871843 6.1871843 14)
(-6.0104076 6.0104076 13.75)
(-6.1871843 6.1871843 13.75)
(-4.5961941 4.5961941 2.75)
(-4.7729708 4.7729708 2.5)
(-4.7729708 4.7729708 3)
(-4.7729708 4.7729708 2.75)
(-6.1871843 6.1871843 14.5)
(-6.0104076 6.0104076 14.25)
(-6.1871843 6.1871843 14.25)
(-4.7729708 4.7729708 3.5)
(-4.5961941 4.5961941 3.25)
(-4.7729708 4.7729708 3.25)
(-5.6568542 5.6568542 11.25)
(-5.4800776 5.4800776 11.5)
(-5.3033009 5.3033009 11.25)
(-5.4800776 5.4800776 11)
(-5.4800776 5.4800776 11.25)
(-5.6568542 5.6568542 9.75)
(-5.4800776 5.4800776 10)
(-5.3033009 5.3033009 9.75)
(-5.4800776 5.4800776 9.5)
(-5.4800776 5.4800776 9.75)
(-5.6568542 5.6568542 8.25)
(-5.4800776 5.4800776 8.5)
(-5.4800776 5.4800776 8)
(-5.4800776 5.4800776 8.25)
(-5.6568542 5.6568542 6.75)
(-5.4800776 5.4800776 7)
(-5.4800776 5.4800776 6.5)
(-5.4800776 5.4800776 6.75)
(-5.1265242 5.1265242 11.5)
(-5.3033009 5.3033009 11.75)
(-5.1265242 5.1265242 12)
(-4.9497475 4.9497475 11.75)
(-5.1265242 5.1265242 11.75)
(-6.0104076 6.0104076 3.75)
(-5.8336309 5.8336309 4)
(-5.6568542 5.6568542 3.75)
(-5.8336309 5.8336309 3.5)
(-5.8336309 5.8336309 3.75)
(-3.8890873 3.8890873 5.25)
(-4.065864 4.065864 5)
(-4.065864 4.065864 5.5)
(-4.065864 4.065864 5.25)
(-6.0104076 6.0104076 4.25)
(-5.6568542 5.6568542 4.25)
(-5.8336309 5.8336309 4.25)
(-3.8890873 3.8890873 6.75)
(-4.065864 4.065864 6.5)
(-4.065864 4.065864 7)
(-4.065864 4.065864 6.75)
(-5.4800776 5.4800776 13)
(-5.3033009 5.3033009 12.75)
(-5.4800776 5.4800776 12.5)
(-5.6568542 5.6568542 12.75)
(-5.4800776 5.4800776 12.75)
(-5.8336309 5.8336309 13)
(-5.8336309 5.8336309 13.5)
(-5.6568542 5.6568542 13.25)
(-5.8336309 5.8336309 13.25)
(-3.8890873 3.8890873 8.25)
(-4.065864 4.065864 8)
(-4.065864 4.065864 8.5)
(-4.065864 4.065864 8.25)
(-4.4194174 4.4194174 11.5)
(-4.5961941 4.5961941 11.75)
(-4.4194174 4.4194174 12)
(-4.4194174 4.4194174 11.75)
(-4.065864 4.065864 11)
(-3.8890873 3.8890873 10.75)
(-4.065864 4.065864 10.5)
(-4.2426407 4.2426407 10.75)
(-4.065864 4.065864 10.75)
(-3.8890873 3.8890873 9.75)
(-4.065864 4.065864 9.5)
(-4.065864 4.065864 10)
(-4.065864 4.065864 9.75)
(-3.8890873 3.8890873 9.25)
(-4.065864 4.065864 9)
(-4.2426407 4.2426407 9.25)
(-4.065864 4.065864 9.25)
(-3.8890873 3.8890873 7.75)
(-4.065864 4.065864 7.5)
(-4.2426407 4.2426407 7.75)
(-4.065864 4.065864 7.75)
(-3.8890873 3.8890873 11.25)
(-4.2426407 4.2426407 11.25)
(-4.065864 4.065864 11.25)
(-4.9497475 4.9497475 3.75)
(-4.7729708 4.7729708 4)
(-4.7729708 4.7729708 3.75)
(-3.8890873 3.8890873 6.25)
(-4.065864 4.065864 6)
(-4.2426407 4.2426407 6.25)
(-4.065864 4.065864 6.25)
(-5.8336309 5.8336309 5.5)
(-6.0104076 6.0104076 5.75)
(-5.6568542 5.6568542 5.75)
(-5.8336309 5.8336309 5.75)
(-4.7729708 4.7729708 4.5)
(-4.5961941 4.5961941 4.25)
(-4.9497475 4.9497475 4.25)
(-4.7729708 4.7729708 4.25)
(-6.0104076 6.0104076 3.25)
(-5.6568542 5.6568542 3.25)
(-5.8336309 5.8336309 3.25)
(-3.8890873 3.8890873 4.75)
(-4.065864 4.065864 4.5)
(-4.2426407 4.2426407 4.75)
(-4.065864 4.065864 4.75)
(-6.0104076 6.0104076 5.25)
(-5.8336309 5.8336309 5.25)
(-4.065864 4.065864 3.5)
(-3.8890873 3.8890873 3.25)
(-4.065864 4.065864 3)
(-4.2426407 4.2426407 3.25)
(-4.065864 4.065864 3.25)
(-4.065864 4.065864 2)
(-3.8890873 3.8890873 1.75)
(-4.065864 4.065864 1.5)
(-4.2426407 4.2426407 1.75)
(-4.065864 4.065864 1.75)
(-6.0104076 6.0104076 6.75)
(-5.8336309 5.8336309 7)
(-5.8336309 5.8336309 6.75)
(-5.4800776 5.4800776 14.5)
(-5.3033009 5.3033009 14.25)
(-5.6568542 5.6568542 14.25)
(-5.4800776 5.4800776 14.25)
(-5.8336309 5.8336309 8.5)
(-5.8336309 5.8336309 8.25)
(-5.8336309 5.8336309 14.5)
(-5.8336309 5.8336309 14)
(-5.8336309 5.8336309 14.25)
(-5.8336309 5.8336309 10)
(-5.8336309 5.8336309 9.75)
(-5.8336309 5.8336309 12.75)
(-5.8336309 5.8336309 11.5)
(-5.8336309 5.8336309 11.25)
(-4.2426407 4.2426407 14.25)
(-4.065864 4.065864 14.5)
(-3.8890873 3.8890873 14.25)
(-4.065864 4.065864 14)
(-4.065864 4.065864 14.25)
(-3.8890873 3.8890873 10.25)
(-4.2426407 4.2426407 10.25)
(-4.065864 4.065864 10.25)
(-5.1265242 5.1265242 10.5)
(-5.3033009 5.3033009 10.75)
(-5.1265242 5.1265242 11)
(-4.9497475 4.9497475 10.75)
(-5.1265242 5.1265242 10.75)
(-4.9497475 4.9497475 11.25)
(-5.1265242 5.1265242 11.25)
(-5.1265242 5.1265242 7.5)
(-5.3033009 5.3033009 7.75)
(-4.9497475 4.9497475 7.75)
(-5.1265242 5.1265242 7.75)
(-3.8890873 3.8890873 8.75)
(-4.2426407 4.2426407 8.75)
(-4.065864 4.065864 8.75)
(-3.8890873 3.8890873 7.25)
(-4.2426407 4.2426407 7.25)
(-4.065864 4.065864 7.25)
(-3.8890873 3.8890873 5.75)
(-4.2426407 4.2426407 5.75)
(-4.065864 4.065864 5.75)
(-5.1265242 5.1265242 10)
(-4.9497475 4.9497475 9.75)
(-5.1265242 5.1265242 9.5)
(-5.1265242 5.1265242 9.75)
(-3.8890873 3.8890873 4.25)
(-4.065864 4.065864 4)
(-4.2426407 4.2426407 4.25)
(-4.065864 4.065864 4.25)
(-4.2426407 4.2426407 13.25)
(-4.065864 4.065864 13.5)
(-3.8890873 3.8890873 13.25)
(-4.065864 4.065864 13)
(-4.065864 4.065864 13.25)
(-5.1265242 5.1265242 9)
(-5.3033009 5.3033009 9.25)
(-4.9497475 4.9497475 9.25)
(-5.1265242 5.1265242 9.25)
(-3.8890873 3.8890873 13.75)
(-4.2426407 4.2426407 13.75)
(-4.065864 4.065864 13.75)
(-4.2426407 4.2426407 2.75)
(-3.8890873 3.8890873 2.75)
(-4.065864 4.065864 2.5)
(-4.065864 4.065864 2.75)
(-6.1871843 6.1871843 12.25)
(-4.2426407 4.2426407 12.75)
(-3.8890873 3.8890873 12.75)
(-4.065864 4.065864 12.75)
(-5.8336309 5.8336309 13.75)
(-3.8890873 3.8890873 1.25)
(-4.065864 4.065864 1)
(-4.065864 4.065864 1.25)
(-3.8890873 3.8890873 0.75)
(-4.065864 4.065864 0.5)
(-4.2426407 4.2426407 0.75)
(-4.065864 4.065864 0.75)
(-5.6568542 5.6568542 11.75)
(-5.8336309 5.8336309 11.75)
(-4.4194174 4.4194174 14)
(-4.5961941 4.5961941 14.25)
(-4.4194174 4.4194174 14.5)
(-4.4194174 4.4194174 14.25)
(-5.6568542 5.6568542 10.25)
(-5.8336309 5.8336309 10.25)
(-5.4800776 5.4800776 2)
(-5.4800776 5.4800776 2.25)
(-3.8890873 3.8890873 2.25)
(-4.065864 4.065864 2.25)
(-5.6568542 5.6568542 8.75)
(-5.8336309 5.8336309 8.75)
(-5.6568542 5.6568542 7.25)
(-5.8336309 5.8336309 7.25)
(-3.8890873 3.8890873 3.75)
(-4.065864 4.065864 3.75)
(-4.7729708 4.7729708 2)
(-4.7729708 4.7729708 2.25)
(-3.7123106 3.7123106 8)
(-3.7123106 3.7123106 8.5)
(-3.7123106 3.7123106 8.25)
(-3.7123106 3.7123106 11)
(-3.7123106 3.7123106 10.5)
(-3.7123106 3.7123106 10.75)
(-5.4800776 5.4800776 7.5)
(-5.4800776 5.4800776 7.75)
(-3.7123106 3.7123106 9.5)
(-3.7123106 3.7123106 10)
(-3.7123106 3.7123106 9.75)
(-5.4800776 5.4800776 9)
(-5.3033009 5.3033009 8.75)
(-5.4800776 5.4800776 8.75)
(-5.4800776 5.4800776 9.25)
(-3.7123106 3.7123106 9)
(-3.7123106 3.7123106 8.75)
(-3.7123106 3.7123106 9.25)
(-5.4800776 5.4800776 10.5)
(-5.3033009 5.3033009 10.25)
(-5.4800776 5.4800776 10.25)
(-3.7123106 3.7123106 10.25)
(-5.4800776 5.4800776 10.75)
(-4.7729708 4.7729708 11.5)
(-4.7729708 4.7729708 12)
(-4.7729708 4.7729708 11.75)
(-3.7123106 3.7123106 7)
(-3.7123106 3.7123106 7.5)
(-3.7123106 3.7123106 7.25)
(-3.7123106 3.7123106 7.75)
(-5.3033009 5.3033009 12.25)
(-5.4800776 5.4800776 12)
(-5.4800776 5.4800776 12.25)
(-3.7123106 3.7123106 6.5)
(-3.7123106 3.7123106 6.75)
(-5.4800776 5.4800776 11.75)
(-4.5961941 4.5961941 10.75)
(-4.7729708 4.7729708 10.5)
(-4.7729708 4.7729708 11)
(-4.7729708 4.7729708 10.75)
(-5.3033009 5.3033009 7.25)
(-5.4800776 5.4800776 7.25)
(-5.3033009 5.3033009 3.75)
(-5.1265242 5.1265242 4)
(-5.1265242 5.1265242 3.75)
(-3.7123106 3.7123106 11.5)
(-3.7123106 3.7123106 11.25)
(-5.4800776 5.4800776 6)
(-5.4800776 5.4800776 6.25)
(-4.5961941 4.5961941 10.25)
(-4.7729708 4.7729708 10)
(-4.9497475 4.9497475 10.25)
(-4.7729708 4.7729708 10.25)
(-3.7123106 3.7123106 12)
(-3.7123106 3.7123106 11.75)
(-5.3033009 5.3033009 5.75)
(-5.4800776 5.4800776 5.75)
(-5.3033009 5.3033009 4.25)
(-5.1265242 5.1265242 4.25)
(-3.7123106 3.7123106 13)
(-3.7123106 3.7123106 12.5)
(-3.7123106 3.7123106 12.75)
(-5.4800776 5.4800776 4.5)
(-5.4800776 5.4800776 4.75)
(-5.4800776 5.4800776 4)
(-5.4800776 5.4800776 4.25)
(-3.7123106 3.7123106 13.5)
(-3.7123106 3.7123106 13.25)
(-3.7123106 3.7123106 14)
(-3.7123106 3.7123106 13.75)
(-3.7123106 3.7123106 14.5)
(-3.7123106 3.7123106 14.25)
(-4.4194174 4.4194174 10.5)
(-4.4194174 4.4194174 10.25)
(-3.7123106 3.7123106 2)
(-3.7123106 3.7123106 1.5)
(-3.7123106 3.7123106 1.75)
(-3.8890873 3.8890873 14.75)
(-3.7123106 3.7123106 14.75)
(-4.5961941 4.5961941 9.25)
(-4.7729708 4.7729708 9.5)
(-4.7729708 4.7729708 9.25)
(-4.2426407 4.2426407 14.75)
(-4.065864 4.065864 14.75)
(-6.0104076 6.0104076 14.75)
(-6.1871843 6.1871843 14.75)
(-4.7729708 4.7729708 9.75)
(-4.5961941 4.5961941 14.75)
(-4.4194174 4.4194174 14.75)
(-5.3033009 5.3033009 14.75)
(-5.6568542 5.6568542 14.75)
(-5.4800776 5.4800776 14.75)
(-4.5961941 4.5961941 7.75)
(-4.7729708 4.7729708 8)
(-4.7729708 4.7729708 7.75)
(-5.8336309 5.8336309 14.75)
(-4.7729708 4.7729708 8.25)
(-5.3033009 5.3033009 1.75)
(-5.4800776 5.4800776 1.75)
(-3.8890873 3.8890873 0.25)
(-3.7123106 3.7123106 0.5)
(-3.7123106 3.7123106 0.25)
(-4.5961941 4.5961941 6.25)
(-4.7729708 4.7729708 6.5)
(-4.7729708 4.7729708 6.25)
(-3.7123106 3.7123106 1)
(-3.7123106 3.7123106 0.75)
(-4.7729708 4.7729708 6.75)
(-3.7123106 3.7123106 12.25)
(-3.7123106 3.7123106 1.25)
(-4.4194174 4.4194174 12.5)
(-4.5961941 4.5961941 12.25)
(-4.4194174 4.4194174 12.25)
(-3.7123106 3.7123106 2.5)
(-3.7123106 3.7123106 2.25)
(-4.5961941 4.5961941 4.75)
(-4.7729708 4.7729708 5)
(-4.7729708 4.7729708 4.75)
(-3.7123106 3.7123106 3.5)
(-3.7123106 3.7123106 3)
(-3.7123106 3.7123106 3.25)
(-3.7123106 3.7123106 2.75)
(-4.7729708 4.7729708 5.25)
(-3.7123106 3.7123106 4)
(-3.7123106 3.7123106 3.75)
(-3.7123106 3.7123106 5)
(-3.7123106 3.7123106 4.5)
(-3.7123106 3.7123106 4.75)
(-3.7123106 3.7123106 4.25)
(-5.3033009 5.3033009 13.25)
(-5.4800776 5.4800776 13.25)
(-3.7123106 3.7123106 5.5)
(-3.7123106 3.7123106 5.25)
(-4.5961941 4.5961941 11.25)
(-4.7729708 4.7729708 11.25)
(-3.7123106 3.7123106 6)
(-3.7123106 3.7123106 6.25)
(-3.7123106 3.7123106 5.75)
(-4.4194174 4.4194174 4.5)
(-4.4194174 4.4194174 4.75)
(-6.1871843 6.1871843 5.5)
(-6.1871843 6.1871843 6)
(-6.1871843 6.1871843 5.75)
(-6.1871843 6.1871843 0.5)
(-6.0104076 6.0104076 0.25)
(-6.1871843 6.1871843 0.25)
(-4.4194174 4.4194174 6)
(-4.4194174 4.4194174 6.25)
(-4.4194174 4.4194174 4.25)
(-6.1871843 6.1871843 1.5)
(-6.1871843 6.1871843 1)
(-6.1871843 6.1871843 1.25)
(-5.4800776 5.4800776 3.5)
(-5.4800776 5.4800776 3.75)
(-6.1871843 6.1871843 5)
(-6.1871843 6.1871843 5.25)
(-6.1871843 6.1871843 0.75)
(-5.1265242 5.1265242 5.75)
(-5.1265242 5.1265242 10.25)
(-4.4194174 4.4194174 11)
(-4.4194174 4.4194174 10.75)
(-6.1871843 6.1871843 4.5)
(-6.1871843 6.1871843 4.75)
(-4.4194174 4.4194174 9)
(-4.4194174 4.4194174 8.75)
(-6.1871843 6.1871843 2.5)
(-6.1871843 6.1871843 2)
(-6.1871843 6.1871843 2.25)
(-6.1871843 6.1871843 1.75)
(-6.1871843 6.1871843 4)
(-6.1871843 6.1871843 4.25)
(-5.1265242 5.1265242 8.75)
(-4.4194174 4.4194174 3)
(-4.4194174 4.4194174 2.75)
(-6.1871843 6.1871843 3)
(-6.1871843 6.1871843 2.75)
(-6.1871843 6.1871843 3.5)
(-6.1871843 6.1871843 3.25)
(-5.4800776 5.4800776 3.25)
(-5.1265242 5.1265242 7.25)
(-4.4194174 4.4194174 3.25)
(-6.1871843 6.1871843 3.75)
(-6.1871843 6.1871843 6.5)
(-6.1871843 6.1871843 6.25)
(-4.2426407 4.2426407 0.25)
(-4.065864 4.065864 0.25)
(-4.4194174 4.4194174 9.25)
(-6.1871843 6.1871843 6.75)
(-4.4194174 4.4194174 7.5)
(-4.4194174 4.4194174 7.25)
(-5.6568542 5.6568542 0.25)
(-5.3033009 5.3033009 0.25)
(-5.4800776 5.4800776 0.25)
(-4.9497475 4.9497475 0.25)
(-5.1265242 5.1265242 0.5)
(-5.1265242 5.1265242 0.25)
(-4.4194174 4.4194174 11.25)
(-4.4194174 4.4194174 5.75)
(-4.4194174 4.4194174 7.75)
(-5.8336309 5.8336309 0.25)
(-4.7729708 4.7729708 1)
(-4.9497475 4.9497475 1.25)
(-4.7729708 4.7729708 1.5)
(-4.7729708 4.7729708 1.25)
(-4.5961941 4.5961941 0.25)
(-4.4194174 4.4194174 0.5)
(-4.4194174 4.4194174 0.25)
(-4.7729708 4.7729708 0.5)
(-4.7729708 4.7729708 0.25)
(-5.1265242 5.1265242 1)
(-5.1265242 5.1265242 1.5)
(-5.1265242 5.1265242 1.25)
(-4.9497475 4.9497475 13.25)
(-4.7729708 4.7729708 13.5)
(-4.5961941 4.5961941 13.25)
(-4.7729708 4.7729708 13)
(-4.7729708 4.7729708 13.25)
(-4.9497475 4.9497475 0.75)
(-5.1265242 5.1265242 0.75)
(-4.5961941 4.5961941 1.75)
(-4.4194174 4.4194174 1.75)
(-4.9497475 4.9497475 12.25)
(-4.7729708 4.7729708 12.5)
(-4.7729708 4.7729708 12.25)
(-5.1265242 5.1265242 12.5)
(-5.1265242 5.1265242 12.25)
(-4.9497475 4.9497475 14.75)
(-5.1265242 5.1265242 14.5)
(-5.1265242 5.1265242 14.75)
(-4.5961941 4.5961941 12.75)
(-4.4194174 4.4194174 13)
(-4.4194174 4.4194174 12.75)
(-4.9497475 4.9497475 12.75)
(-4.7729708 4.7729708 12.75)
(-5.1265242 5.1265242 14)
(-4.9497475 4.9497475 13.75)
(-5.1265242 5.1265242 13.5)
(-5.1265242 5.1265242 13.75)
(-5.1265242 5.1265242 13)
(-5.1265242 5.1265242 12.75)
(-4.7729708 4.7729708 14.5)
(-4.7729708 4.7729708 14.75)
(-5.1265242 5.1265242 13.25)
(-4.9497475 4.9497475 14.25)
(-5.1265242 5.1265242 14.25)
(-4.7729708 4.7729708 14)
(-4.7729708 4.7729708 14.25)
(-4.4194174 4.4194174 13.5)
(-4.4194174 4.4194174 13.25)
(-4.9497475 4.9497475 1.75)
(-5.1265242 5.1265242 1.75)
(-4.5961941 4.5961941 0.75)
(-4.7729708 4.7729708 0.75)
(-4.7729708 4.7729708 1.75)
(-4.4194174 4.4194174 0.75)
(-4.5961941 4.5961941 13.75)
(-4.4194174 4.4194174 13.75)
(-4.7729708 4.7729708 13.75)
(-3.8020298 3.2472402 15)
(-3.9921313 3.4096023 15)
(-4.1822328 3.5719643 15)
(-4.3723343 3.7343263 15)
(-4.5624358 3.8966883 15)
(-4.7525373 4.0590503 15)
(-4.9426388 4.2214123 15)
(-5.1327403 4.3837743 15)
(-5.3228418 4.5461363 15)
(-5.5129433 4.7084984 15)
(-5.7030447 4.8708604 15)
(-5.8931462 5.0332224 15)
(-6.0832477 5.1955844 15)
(-6.2733492 5.3579464 15)
(-6.4634507 5.5203084 15)
(-6.6535522 5.6826704 15)
(-6.8436537 5.8450324 15)
(-3.8020298 3.2472402 0)
(-3.8020298 3.2472402 0.25)
(-3.8020298 3.2472402 0.5)
(-3.8020298 3.2472402 0.75)
(-3.8020298 3.2472402 1)
(-3.8020298 3.2472402 1.25)
(-3.8020298 3.2472402 1.5)
(-3.8020298 3.2472402 1.75)
(-3.8020298 3.2472402 2)
(-3.8020298 3.2472402 2.25)
(-3.8020298 3.2472402 2.5)
(-3.8020298 3.2472402 2.75)
(-3.8020298 3.2472402 3)
(-3.8020298 3.2472402 3.25)
(-3.8020298 3.2472402 3.5)
(-3.8020298 3.2472402 3.75)
(-3.8020298 3.2472402 4)
(-3.8020298 3.2472402 4.25)
(-3.8020298 3.2472402 4.5)
(-3.8020298 3.2472402 4.75)
(-3.8020298 3.2472402 5)
(-3.8020298 3.2472402 5.25)
(-3.8020298 3.2472402 5.5)
(-3.8020298 3.2472402 5.75)
(-3.8020298 3.2472402 6)
(-3.8020298 3.2472402 6.25)
(-3.8020298 3.2472402 6.5)
(-3.8020298 3.2472402 6.75)
(-3.8020298 3.2472402 7)
(-3.8020298 3.2472402 7.25)
(-3.8020298 3.2472402 7.5)
(-3.8020298 3.2472402 7.75)
(-3.8020298 3.2472402 8)
(-3.8020298 3.2472402 8.25)
(-3.8020298 3.2472402 8.5)
(-3.8020298 3.2472402 8.75)
(-3.8020298 3.2472402 9)
(-3.8020298 3.2472402 9.25)
(-3.8020298 3.2472402 9.5)
(-3.8020298 3.2472402 9.75)
(-3.8020298 3.2472402 10)
(-3.8020298 3.2472402 10.25)
(-3.8020298 3.2472402 10.5)
(-3.8020298 3.2472402 10.75)
(-3.8020298 3.2472402 11)
(-3.8020298 3.2472402 11.25)
(-3.8020298 3.2472402 11.5)
(-3.8020298 3.2472402 11.75)
(-3.8020298 3.2472402 12)
(-3.8020298 3.2472402 12.25)
(-3.8020298 3.2472402 12.5)
(-3.8020298 3.2472402 12.75)
(-3.8020298 3.2472402 13)
(-3.8020298 3.2472402 13.25)
(-3.8020298 3.2472402 13.5)
(-3.8020298 3.2472402 13.75)
(-3.8020298 3.2472402 14)
(-3.8020298 3.2472402 14.25)
(-3.8020298 3.2472402 14.5)
(-3.8020298 3.2472402 14.75)
(-3.9921313 3.4096023 0)
(-4.1822328 3.5719643 0)
(-4.3723343 3.7343263 0)
(-4.5624358 3.8966883 0)
(-4.7525373 4.0590503 0)
(-4.9426388 4.2214123 0)
(-5.1327403 4.3837743 0)
(-5.3228418 4.5461363 0)
(-5.5129433 4.7084984 0)
(-5.7030447 4.8708604 0)
(-5.8931462 5.0332224 0)
(-6.0832477 5.1955844 0)
(-6.2733492 5.3579464 0)
(-6.4634507 5.5203084 0)
(-6.6535522 5.6826704 0)
(-6.8436537 5.8450324 0)
(-6.8436537 5.8450324 0.25)
(-6.8436537 5.8450324 0.5)
(-6.8436537 5.8450324 0.75)
(-6.8436537 5.8450324 1)
(-6.8436537 5.8450324 1.25)
(-6.8436537 5.8450324 1.5)
(-6.8436537 5.8450324 1.75)
(-6.8436537 5.8450324 2)
(-6.8436537 5.8450324 2.25)
(-6.8436537 5.8450324 2.5)
(-6.8436537 5.8450324 2.75)
(-6.8436537 5.8450324 3)
(-6.8436537 5.8450324 3.25)
(-6.8436537 5.8450324 3.5)
(-6.8436537 5.8450324 3.75)
(-6.8436537 5.8450324 4)
(-6.8436537 5.8450324 4.25)
(-6.8436537 5.8450324 4.5)
(-6.8436537 5.8450324 4.75)
(-6.8436537 5.8450324 5)
(-6.8436537 5.8450324 5.25)
(-6.8436537 5.8450324 5.5)
(-6.8436537 5.8450324 5.75)
(-6.8436537 5.8450324 6)
(-6.8436537 5.8450324 6.25)
(-6.8436537 5.8450324 6.5)
(-6.8436537 5.8450324 6.75)
(-6.8436537 5.8450324 7)
(-6.8436537 5.8450324 7.25)
(-6.8436537 5.8450324 7.5)
(-6.8436537 5.8450324 7.75)
(-6.8436537 5.8450324 8)
(-6.8436537 5.8450324 8.25)
(-6.8436537 5.8450324 8.5)
(-6.8436537 5.8450324 8.75)
(-6.8436537 5.8450324 9)
(-6.8436537 5.8450324 9.25)
(-6.8436537 5.8450324 9.5)
(-6.8436537 5.8450324 9.75)
(-6.8436537 5.8450324 10)
(-6.8436537 5.8450324 10.25)
(-6.8436537 5.8450324 10.5)
(-6.8436537 5.8450324 10.75)
(-6.8436537 5.8450324 11)
(-6.8436537 5.8450324 11.25)
(-6.8436537 5.8450324 11.5)
(-6.8436537 5.8450324 11.75)
(-6.8436537 5.8450324 12)
(-6.8436537 5.8450324 12.25)
(-6.8436537 5.8450324 12.5)
(-6.8436537 5.8450324 12.75)
(-6.8436537 5.8450324 13)
(-6.8436537 5.8450324 13.25)
(-6.8436537 5.8450324 13.5)
(-6.8436537 5.8450324 13.75)
(-6.8436537 5.8450324 14)
(-6.8436537 5.8450324 14.25)
(-6.8436537 5.8450324 14.5)
(-6.8436537 5.8450324 14.75)
(-5.7030447 4.8708604 5)
(-5.7030447 4.8708604 5.25)
(-5.5129433 4.7084984 5.25)
(-5.5129433 4.7084984 5)
(-5.7030447 4.8708604 5.5)
(-5.5129433 4.7084984 5.5)
(-5.3228418 4.5461363 5.5)
(-5.3228418 4.5461363 5.25)
(-5.3228418 4.5461363 5)
(-4.5624358 3.8966883 10)
(-4.5624358 3.8966883 9.75)
(-4.7525373 4.0590503 9.75)
(-4.7525373 4.0590503 10)
(-4.5624358 3.8966883 9.5)
(-4.7525373 4.0590503 9.5)
(-4.9426388 4.2214123 9.5)
(-4.9426388 4.2214123 9.75)
(-4.9426388 4.2214123 10)
(-4.5624358 3.8966883 8.5)
(-4.5624358 3.8966883 8.25)
(-4.7525373 4.0590503 8.25)
(-4.7525373 4.0590503 8.5)
(-4.5624358 3.8966883 8)
(-4.7525373 4.0590503 8)
(-4.9426388 4.2214123 8)
(-4.9426388 4.2214123 8.25)
(-4.9426388 4.2214123 8.5)
(-4.5624358 3.8966883 7)
(-4.5624358 3.8966883 6.75)
(-4.7525373 4.0590503 6.75)
(-4.7525373 4.0590503 7)
(-4.5624358 3.8966883 6.5)
(-4.7525373 4.0590503 6.5)
(-4.9426388 4.2214123 6.5)
(-4.9426388 4.2214123 6.75)
(-4.9426388 4.2214123 7)
(-4.5624358 3.8966883 5.5)
(-4.5624358 3.8966883 5.25)
(-4.7525373 4.0590503 5.25)
(-4.7525373 4.0590503 5.5)
(-4.5624358 3.8966883 5)
(-4.7525373 4.0590503 5)
(-4.9426388 4.2214123 5)
(-4.9426388 4.2214123 5.25)
(-4.9426388 4.2214123 5.5)
(-4.5624358 3.8966883 4)
(-4.5624358 3.8966883 3.75)
(-4.7525373 4.0590503 3.75)
(-4.7525373 4.0590503 4)
(-4.5624358 3.8966883 3.5)
(-4.7525373 4.0590503 3.5)
(-4.9426388 4.2214123 3.5)
(-4.9426388 4.2214123 3.75)
(-4.9426388 4.2214123 4)
(-4.5624358 3.8966883 2.5)
(-4.5624358 3.8966883 2.25)
(-4.7525373 4.0590503 2.25)
(-4.7525373 4.0590503 2.5)
(-4.5624358 3.8966883 2)
(-4.7525373 4.0590503 2)
(-4.9426388 4.2214123 2)
(-4.9426388 4.2214123 2.25)
(-4.9426388 4.2214123 2.5)
(-6.4634507 5.5203084 2.5)
(-6.4634507 5.5203084 2.75)
(-6.2733492 5.3579464 2.75)
(-6.2733492 5.3579464 2.5)
(-6.4634507 5.5203084 3)
(-6.2733492 5.3579464 3)
(-6.0832477 5.1955844 3)
(-6.0832477 5.1955844 2.75)
(-6.0832477 5.1955844 2.5)
(-5.7030447 4.8708604 1)
(-5.8931462 5.0332224 1)
(-5.8931462 5.0332224 1.25)
(-5.7030447 4.8708604 1.25)
(-6.0832477 5.1955844 1)
(-6.0832477 5.1955844 1.25)
(-6.0832477 5.1955844 1.5)
(-5.8931462 5.0332224 1.5)
(-5.7030447 4.8708604 1.5)
(-5.7030447 4.8708604 3)
(-5.7030447 4.8708604 3.25)
(-5.5129433 4.7084984 3.25)
(-5.5129433 4.7084984 3)
(-5.7030447 4.8708604 3.5)
(-5.5129433 4.7084984 3.5)
(-5.3228418 4.5461363 3.5)
(-5.3228418 4.5461363 3.25)
(-5.3228418 4.5461363 3)
(-6.0832477 5.1955844 12.5)
(-6.0832477 5.1955844 12.25)
(-6.2733492 5.3579464 12.25)
(-6.2733492 5.3579464 12.5)
(-6.0832477 5.1955844 12)
(-6.2733492 5.3579464 12)
(-6.4634507 5.5203084 12)
(-6.4634507 5.5203084 12.25)
(-6.4634507 5.5203084 12.5)
(-5.3228418 4.5461363 2.5)
(-5.5129433 4.7084984 2.5)
(-5.5129433 4.7084984 2.75)
(-5.3228418 4.5461363 2.75)
(-5.7030447 4.8708604 2.5)
(-5.7030447 4.8708604 2.75)
(-6.4634507 5.5203084 10.5)
(-6.4634507 5.5203084 10.75)
(-6.2733492 5.3579464 10.75)
(-6.2733492 5.3579464 10.5)
(-6.4634507 5.5203084 11)
(-6.2733492 5.3579464 11)
(-6.0832477 5.1955844 11)
(-6.0832477 5.1955844 10.75)
(-6.0832477 5.1955844 10.5)
(-6.4634507 5.5203084 9)
(-6.4634507 5.5203084 9.25)
(-6.2733492 5.3579464 9.25)
(-6.2733492 5.3579464 9)
(-6.4634507 5.5203084 9.5)
(-6.2733492 5.3579464 9.5)
(-6.0832477 5.1955844 9.5)
(-6.0832477 5.1955844 9.25)
(-6.0832477 5.1955844 9)
(-6.4634507 5.5203084 7.5)
(-6.4634507 5.5203084 7.75)
(-6.2733492 5.3579464 7.75)
(-6.2733492 5.3579464 7.5)
(-6.4634507 5.5203084 8)
(-6.2733492 5.3579464 8)
(-6.0832477 5.1955844 8)
(-6.0832477 5.1955844 7.75)
(-6.0832477 5.1955844 7.5)
(-6.0832477 5.1955844 5)
(-6.0832477 5.1955844 5.25)
(-5.8931462 5.0332224 5.25)
(-5.8931462 5.0332224 5)
(-6.0832477 5.1955844 5.5)
(-5.8931462 5.0332224 5.5)
(-6.4634507 5.5203084 6)
(-6.4634507 5.5203084 6.25)
(-6.2733492 5.3579464 6.25)
(-6.2733492 5.3579464 6)
(-6.4634507 5.5203084 6.5)
(-6.2733492 5.3579464 6.5)
(-6.0832477 5.1955844 6.5)
(-6.0832477 5.1955844 6.25)
(-6.0832477 5.1955844 6)
(-5.3228418 4.5461363 4.5)
(-5.5129433 4.7084984 4.5)
(-5.5129433 4.7084984 4.75)
(-5.3228418 4.5461363 4.75)
(-5.7030447 4.8708604 4.5)
(-5.7030447 4.8708604 4.75)
(-6.4634507 5.5203084 4.5)
(-6.4634507 5.5203084 4.75)
(-6.2733492 5.3579464 4.75)
(-6.2733492 5.3579464 4.5)
(-6.4634507 5.5203084 5)
(-6.2733492 5.3579464 5)
(-6.0832477 5.1955844 4.75)
(-6.0832477 5.1955844 4.5)
(-6.0832477 5.1955844 2.25)
(-6.2733492 5.3579464 2.25)
(-6.0832477 5.1955844 2)
(-6.2733492 5.3579464 2)
(-6.4634507 5.5203084 2)
(-6.4634507 5.5203084 2.25)
(-6.2733492 5.3579464 1.5)
(-6.2733492 5.3579464 1.75)
(-6.0832477 5.1955844 1.75)
(-6.4634507 5.5203084 1.5)
(-6.4634507 5.5203084 1.75)
(-5.7030447 4.8708604 6.5)
(-5.7030447 4.8708604 6.75)
(-5.5129433 4.7084984 6.75)
(-5.5129433 4.7084984 6.5)
(-5.7030447 4.8708604 7)
(-5.5129433 4.7084984 7)
(-5.3228418 4.5461363 7)
(-5.3228418 4.5461363 6.75)
(-5.3228418 4.5461363 6.5)
(-6.4634507 5.5203084 1)
(-6.4634507 5.5203084 1.25)
(-6.2733492 5.3579464 1.25)
(-6.2733492 5.3579464 1)
(-5.3228418 4.5461363 6)
(-5.5129433 4.7084984 6)
(-5.5129433 4.7084984 6.25)
(-5.3228418 4.5461363 6.25)
(-5.7030447 4.8708604 6)
(-5.7030447 4.8708604 6.25)
(-5.7030447 4.8708604 0.75)
(-5.8931462 5.0332224 0.75)
(-5.7030447 4.8708604 0.5)
(-5.8931462 5.0332224 0.5)
(-6.0832477 5.1955844 0.5)
(-6.0832477 5.1955844 0.75)
(-6.2733492 5.3579464 0.75)
(-6.4634507 5.5203084 0.75)
(-6.2733492 5.3579464 0.5)
(-6.4634507 5.5203084 0.5)
(-4.1822328 3.5719643 12)
(-4.1822328 3.5719643 11.75)
(-4.3723343 3.7343263 11.75)
(-4.3723343 3.7343263 12)
(-4.1822328 3.5719643 11.5)
(-4.3723343 3.7343263 11.5)
(-4.5624358 3.8966883 11.5)
(-4.5624358 3.8966883 11.75)
(-4.5624358 3.8966883 12)
(-4.5624358 3.8966883 12.5)
(-4.3723343 3.7343263 12.5)
(-4.3723343 3.7343263 12.25)
(-4.5624358 3.8966883 12.25)
(-4.1822328 3.5719643 12.5)
(-4.1822328 3.5719643 12.25)
(-5.3228418 4.5461363 2)
(-5.5129433 4.7084984 2)
(-5.5129433 4.7084984 2.25)
(-5.3228418 4.5461363 2.25)
(-5.7030447 4.8708604 2)
(-5.7030447 4.8708604 2.25)
(-4.9426388 4.2214123 6)
(-4.9426388 4.2214123 5.75)
(-5.1327403 4.3837743 5.75)
(-5.1327403 4.3837743 6)
(-5.1327403 4.3837743 5.5)
(-5.3228418 4.5461363 5.75)
(-6.4634507 5.5203084 7)
(-6.6535522 5.6826704 7)
(-6.6535522 5.6826704 7.25)
(-6.4634507 5.5203084 7.25)
(-6.6535522 5.6826704 7.5)
(-6.6535522 5.6826704 7.75)
(-6.6535522 5.6826704 8)
(-5.8931462 5.0332224 2.75)
(-5.8931462 5.0332224 3)
(-5.8931462 5.0332224 2.5)
(-6.6535522 5.6826704 8.25)
(-6.6535522 5.6826704 8.5)
(-6.4634507 5.5203084 8.5)
(-6.4634507 5.5203084 8.25)
(-4.9426388 4.2214123 9)
(-4.9426388 4.2214123 8.75)
(-5.1327403 4.3837743 8.75)
(-5.1327403 4.3837743 9)
(-5.1327403 4.3837743 8.5)
(-5.3228418 4.5461363 8.5)
(-5.3228418 4.5461363 8.75)
(-5.3228418 4.5461363 9)
(-6.6535522 5.6826704 8.75)
(-6.4634507 5.5203084 8.75)
(-6.6535522 5.6826704 9)
(-6.6535522 5.6826704 9.25)
(-6.6535522 5.6826704 9.5)
(-6.6535522 5.6826704 9.75)
(-6.6535522 5.6826704 10)
(-6.4634507 5.5203084 10)
(-6.4634507 5.5203084 9.75)
(-4.9426388 4.2214123 7.5)
(-4.9426388 4.2214123 7.25)
(-5.1327403 4.3837743 7.25)
(-5.1327403 4.3837743 7.5)
(-5.1327403 4.3837743 7)
(-5.3228418 4.5461363 7.25)
(-5.3228418 4.5461363 7.5)
(-6.6535522 5.6826704 10.25)
(-6.4634507 5.5203084 10.25)
(-6.6535522 5.6826704 10.5)
(-6.6535522 5.6826704 10.75)
(-6.6535522 5.6826704 11)
(-6.6535522 5.6826704 11.25)
(-6.6535522 5.6826704 11.5)
(-6.4634507 5.5203084 11.5)
(-6.4634507 5.5203084 11.25)
(-5.7030447 4.8708604 14)
(-5.7030447 4.8708604 13.75)
(-5.8931462 5.0332224 13.75)
(-5.8931462 5.0332224 14)
(-5.7030447 4.8708604 13.5)
(-5.8931462 5.0332224 13.5)
(-6.0832477 5.1955844 13.5)
(-6.0832477 5.1955844 13.75)
(-6.0832477 5.1955844 14)
(-5.7030447 4.8708604 8)
(-5.7030447 4.8708604 8.25)
(-5.5129433 4.7084984 8.25)
(-5.5129433 4.7084984 8)
(-5.7030447 4.8708604 8.5)
(-5.5129433 4.7084984 8.5)
(-5.3228418 4.5461363 8.25)
(-5.3228418 4.5461363 8)
(-6.6535522 5.6826704 11.75)
(-6.4634507 5.5203084 11.75)
(-6.6535522 5.6826704 12)
(-6.6535522 5.6826704 12.75)
(-6.6535522 5.6826704 12.5)
(-6.6535522 5.6826704 13)
(-6.4634507 5.5203084 13)
(-6.4634507 5.5203084 12.75)
(-4.5624358 3.8966883 1.5)
(-4.5624358 3.8966883 1.25)
(-4.7525373 4.0590503 1.25)
(-4.7525373 4.0590503 1.5)
(-4.5624358 3.8966883 1)
(-4.7525373 4.0590503 1)
(-4.9426388 4.2214123 1)
(-4.9426388 4.2214123 1.25)
(-4.9426388 4.2214123 1.5)
(-6.6535522 5.6826704 13.25)
(-6.4634507 5.5203084 13.25)
(-6.6535522 5.6826704 13.5)
(-6.4634507 5.5203084 13.5)
(-6.6535522 5.6826704 13.75)
(-6.6535522 5.6826704 14)
(-6.4634507 5.5203084 14)
(-6.4634507 5.5203084 13.75)
(-4.9426388 4.2214123 3)
(-4.9426388 4.2214123 2.75)
(-5.1327403 4.3837743 2.75)
(-5.1327403 4.3837743 3)
(-5.1327403 4.3837743 2.5)
(-6.6535522 5.6826704 14.25)
(-6.6535522 5.6826704 14.5)
(-6.4634507 5.5203084 14.5)
(-6.4634507 5.5203084 14.25)
(-5.1327403 4.3837743 3.5)
(-5.1327403 4.3837743 3.25)
(-4.9426388 4.2214123 3.25)
(-6.0832477 5.1955844 11.25)
(-5.8931462 5.0332224 11.25)
(-5.8931462 5.0332224 11)
(-6.0832477 5.1955844 11.5)
(-5.8931462 5.0332224 11.5)
(-5.7030447 4.8708604 11.5)
(-5.7030447 4.8708604 11.25)
(-5.7030447 4.8708604 11)
(-6.0832477 5.1955844 9.75)
(-5.8931462 5.0332224 9.75)
(-5.8931462 5.0332224 9.5)
(-6.0832477 5.1955844 10)
(-5.8931462 5.0332224 10)
(-5.7030447 4.8708604 10)
(-5.7030447 4.8708604 9.75)
(-5.7030447 4.8708604 9.5)
(-6.0832477 5.1955844 8.25)
(-5.8931462 5.0332224 8.25)
(-5.8931462 5.0332224 8)
(-6.0832477 5.1955844 8.5)
(-5.8931462 5.0332224 8.5)
(-6.0832477 5.1955844 6.75)
(-5.8931462 5.0332224 6.75)
(-5.8931462 5.0332224 6.5)
(-6.0832477 5.1955844 7)
(-5.8931462 5.0332224 7)
(-5.3228418 4.5461363 11.5)
(-5.5129433 4.7084984 11.5)
(-5.5129433 4.7084984 11.75)
(-5.3228418 4.5461363 11.75)
(-5.7030447 4.8708604 11.75)
(-5.7030447 4.8708604 12)
(-5.5129433 4.7084984 12)
(-5.3228418 4.5461363 12)
(-6.4634507 5.5203084 3.5)
(-6.4634507 5.5203084 3.75)
(-6.2733492 5.3579464 3.75)
(-6.2733492 5.3579464 3.5)
(-6.4634507 5.5203084 4)
(-6.2733492 5.3579464 4)
(-6.0832477 5.1955844 4)
(-6.0832477 5.1955844 3.75)
(-6.0832477 5.1955844 3.5)
(-4.1822328 3.5719643 5.5)
(-4.1822328 3.5719643 5.25)
(-4.3723343 3.7343263 5.25)
(-4.3723343 3.7343263 5.5)
(-4.1822328 3.5719643 5)
(-4.3723343 3.7343263 5)
(-6.2733492 5.3579464 4.25)
(-6.0832477 5.1955844 4.25)
(-6.4634507 5.5203084 4.25)
(-4.1822328 3.5719643 7)
(-4.1822328 3.5719643 6.75)
(-4.3723343 3.7343263 6.75)
(-4.3723343 3.7343263 7)
(-4.1822328 3.5719643 6.5)
(-4.3723343 3.7343263 6.5)
(-6.0832477 5.1955844 13)
(-5.8931462 5.0332224 13)
(-5.8931462 5.0332224 12.75)
(-6.0832477 5.1955844 12.75)
(-5.7030447 4.8708604 13)
(-5.7030447 4.8708604 12.75)
(-5.7030447 4.8708604 12.5)
(-5.8931462 5.0332224 12.5)
(-6.2733492 5.3579464 13)
(-6.2733492 5.3579464 13.25)
(-6.0832477 5.1955844 13.25)
(-6.2733492 5.3579464 13.5)
(-4.1822328 3.5719643 8.5)
(-4.1822328 3.5719643 8.25)
(-4.3723343 3.7343263 8.25)
(-4.3723343 3.7343263 8.5)
(-4.1822328 3.5719643 8)
(-4.3723343 3.7343263 8)
(-4.7525373 4.0590503 11.75)
(-4.7525373 4.0590503 12)
(-4.7525373 4.0590503 11.5)
(-4.9426388 4.2214123 11.5)
(-4.9426388 4.2214123 11.75)
(-4.9426388 4.2214123 12)
(-4.5624358 3.8966883 11)
(-4.3723343 3.7343263 11)
(-4.3723343 3.7343263 10.75)
(-4.5624358 3.8966883 10.75)
(-4.1822328 3.5719643 11)
(-4.1822328 3.5719643 10.75)
(-4.1822328 3.5719643 10.5)
(-4.3723343 3.7343263 10.5)
(-4.5624358 3.8966883 10.5)
(-4.1822328 3.5719643 10)
(-4.1822328 3.5719643 9.75)
(-4.3723343 3.7343263 9.75)
(-4.3723343 3.7343263 10)
(-4.1822328 3.5719643 9.5)
(-4.3723343 3.7343263 9.5)
(-4.3723343 3.7343263 9.25)
(-4.5624358 3.8966883 9.25)
(-4.1822328 3.5719643 9.25)
(-4.1822328 3.5719643 9)
(-4.3723343 3.7343263 9)
(-4.5624358 3.8966883 9)
(-4.3723343 3.7343263 7.75)
(-4.5624358 3.8966883 7.75)
(-4.1822328 3.5719643 7.75)
(-4.1822328 3.5719643 7.5)
(-4.3723343 3.7343263 7.5)
(-4.5624358 3.8966883 7.5)
(-4.1822328 3.5719643 11.25)
(-4.3723343 3.7343263 11.25)
(-4.5624358 3.8966883 11.25)
(-5.1327403 4.3837743 3.75)
(-5.1327403 4.3837743 4)
(-5.3228418 4.5461363 3.75)
(-5.3228418 4.5461363 4)
(-4.3723343 3.7343263 6.25)
(-4.5624358 3.8966883 6.25)
(-4.1822328 3.5719643 6.25)
(-4.1822328 3.5719643 6)
(-4.3723343 3.7343263 6)
(-4.5624358 3.8966883 6)
(-6.2733492 5.3579464 5.5)
(-6.2733492 5.3579464 5.75)
(-6.0832477 5.1955844 5.75)
(-6.4634507 5.5203084 5.5)
(-6.4634507 5.5203084 5.75)
(-5.1327403 4.3837743 4.5)
(-5.1327403 4.3837743 4.25)
(-5.3228418 4.5461363 4.25)
(-4.9426388 4.2214123 4.5)
(-4.9426388 4.2214123 4.25)
(-6.2733492 5.3579464 3.25)
(-6.0832477 5.1955844 3.25)
(-6.4634507 5.5203084 3.25)
(-4.3723343 3.7343263 4.75)
(-4.5624358 3.8966883 4.75)
(-4.1822328 3.5719643 4.75)
(-4.1822328 3.5719643 4.5)
(-4.3723343 3.7343263 4.5)
(-4.5624358 3.8966883 4.5)
(-6.4634507 5.5203084 5.25)
(-6.2733492 5.3579464 5.25)
(-4.3723343 3.7343263 3.5)
(-4.3723343 3.7343263 3.25)
(-4.5624358 3.8966883 3.25)
(-4.1822328 3.5719643 3.5)
(-4.1822328 3.5719643 3.25)
(-4.1822328 3.5719643 3)
(-4.3723343 3.7343263 3)
(-4.5624358 3.8966883 3)
(-4.3723343 3.7343263 2)
(-4.3723343 3.7343263 1.75)
(-4.5624358 3.8966883 1.75)
(-4.1822328 3.5719643 2)
(-4.1822328 3.5719643 1.75)
(-4.1822328 3.5719643 1.5)
(-4.3723343 3.7343263 1.5)
(-6.4634507 5.5203084 6.75)
(-6.2733492 5.3579464 6.75)
(-6.2733492 5.3579464 7)
(-6.0832477 5.1955844 14.5)
(-5.8931462 5.0332224 14.5)
(-5.8931462 5.0332224 14.25)
(-6.0832477 5.1955844 14.25)
(-5.7030447 4.8708604 14.5)
(-5.7030447 4.8708604 14.25)
(-6.2733492 5.3579464 8.25)
(-6.2733492 5.3579464 8.5)
(-6.2733492 5.3579464 14.25)
(-6.2733492 5.3579464 14)
(-6.2733492 5.3579464 14.5)
(-6.2733492 5.3579464 9.75)
(-6.2733492 5.3579464 10)
(-6.2733492 5.3579464 12.75)
(-6.2733492 5.3579464 11.25)
(-6.2733492 5.3579464 11.5)
(-4.5624358 3.8966883 14)
(-4.5624358 3.8966883 14.25)
(-4.3723343 3.7343263 14.25)
(-4.3723343 3.7343263 14)
(-4.5624358 3.8966883 14.5)
(-4.3723343 3.7343263 14.5)
(-4.1822328 3.5719643 14.5)
(-4.1822328 3.5719643 14.25)
(-4.1822328 3.5719643 14)
(-4.1822328 3.5719643 10.25)
(-4.3723343 3.7343263 10.25)
(-4.5624358 3.8966883 10.25)
(-5.3228418 4.5461363 10.5)
(-5.5129433 4.7084984 10.5)
(-5.5129433 4.7084984 10.75)
(-5.3228418 4.5461363 10.75)
(-5.7030447 4.8708604 10.5)
(-5.7030447 4.8708604 10.75)
(-5.5129433 4.7084984 11)
(-5.3228418 4.5461363 11)
(-5.5129433 4.7084984 11.25)
(-5.3228418 4.5461363 11.25)
(-5.5129433 4.7084984 7.5)
(-5.5129433 4.7084984 7.75)
(-5.3228418 4.5461363 7.75)
(-5.7030447 4.8708604 7.5)
(-5.7030447 4.8708604 7.75)
(-4.1822328 3.5719643 8.75)
(-4.3723343 3.7343263 8.75)
(-4.5624358 3.8966883 8.75)
(-4.1822328 3.5719643 7.25)
(-4.3723343 3.7343263 7.25)
(-4.5624358 3.8966883 7.25)
(-4.1822328 3.5719643 5.75)
(-4.3723343 3.7343263 5.75)
(-4.5624358 3.8966883 5.75)
(-5.5129433 4.7084984 9.75)
(-5.5129433 4.7084984 9.5)
(-5.5129433 4.7084984 10)
(-5.3228418 4.5461363 10)
(-5.3228418 4.5461363 9.75)
(-5.3228418 4.5461363 9.5)
(-4.1822328 3.5719643 4.25)
(-4.3723343 3.7343263 4.25)
(-4.1822328 3.5719643 4)
(-4.3723343 3.7343263 4)
(-4.5624358 3.8966883 4.25)
(-4.5624358 3.8966883 13)
(-4.5624358 3.8966883 13.25)
(-4.3723343 3.7343263 13.25)
(-4.3723343 3.7343263 13)
(-4.5624358 3.8966883 13.5)
(-4.3723343 3.7343263 13.5)
(-4.1822328 3.5719643 13.5)
(-4.1822328 3.5719643 13.25)
(-4.1822328 3.5719643 13)
(-5.5129433 4.7084984 9)
(-5.5129433 4.7084984 9.25)
(-5.3228418 4.5461363 9.25)
(-5.7030447 4.8708604 9)
(-5.7030447 4.8708604 9.25)
(-4.3723343 3.7343263 13.75)
(-4.5624358 3.8966883 13.75)
(-4.1822328 3.5719643 13.75)
(-4.5624358 3.8966883 2.75)
(-4.3723343 3.7343263 2.75)
(-4.3723343 3.7343263 2.5)
(-4.1822328 3.5719643 2.75)
(-4.1822328 3.5719643 2.5)
(-6.6535522 5.6826704 12.25)
(-4.5624358 3.8966883 12.75)
(-4.3723343 3.7343263 12.75)
(-4.1822328 3.5719643 12.75)
(-6.2733492 5.3579464 13.75)
(-4.3723343 3.7343263 1.25)
(-4.3723343 3.7343263 1)
(-4.1822328 3.5719643 1.25)
(-4.1822328 3.5719643 1)
(-4.1822328 3.5719643 0.75)
(-4.3723343 3.7343263 0.75)
(-4.1822328 3.5719643 0.5)
(-4.3723343 3.7343263 0.5)
(-4.5624358 3.8966883 0.5)
(-4.5624358 3.8966883 0.75)
(-6.2733492 5.3579464 11.75)
(-6.0832477 5.1955844 11.75)
(-4.7525373 4.0590503 14)
(-4.7525373 4.0590503 14.25)
(-4.9426388 4.2214123 14)
(-4.9426388 4.2214123 14.25)
(-4.9426388 4.2214123 14.5)
(-4.7525373 4.0590503 14.5)
(-6.2733492 5.3579464 10.25)
(-6.0832477 5.1955844 10.25)
(-5.8931462 5.0332224 2.25)
(-5.8931462 5.0332224 2)
(-4.1822328 3.5719643 2.25)
(-4.3723343 3.7343263 2.25)
(-6.2733492 5.3579464 8.75)
(-6.0832477 5.1955844 8.75)
(-6.2733492 5.3579464 7.25)
(-6.0832477 5.1955844 7.25)
(-4.1822328 3.5719643 3.75)
(-4.3723343 3.7343263 3.75)
(-5.1327403 4.3837743 2.25)
(-5.1327403 4.3837743 2)
(-3.9921313 3.4096023 8.25)
(-3.9921313 3.4096023 8.5)
(-3.9921313 3.4096023 8)
(-3.9921313 3.4096023 11)
(-3.9921313 3.4096023 10.75)
(-3.9921313 3.4096023 10.5)
(-5.8931462 5.0332224 7.75)
(-5.8931462 5.0332224 7.5)
(-3.9921313 3.4096023 9.75)
(-3.9921313 3.4096023 10)
(-3.9921313 3.4096023 9.5)
(-5.8931462 5.0332224 8.75)
(-5.7030447 4.8708604 8.75)
(-5.8931462 5.0332224 9)
(-5.8931462 5.0332224 9.25)
(-3.9921313 3.4096023 8.75)
(-3.9921313 3.4096023 9)
(-3.9921313 3.4096023 9.25)
(-5.8931462 5.0332224 10.25)
(-5.7030447 4.8708604 10.25)
(-5.8931462 5.0332224 10.5)
(-3.9921313 3.4096023 10.25)
(-5.8931462 5.0332224 10.75)
(-5.1327403 4.3837743 11.75)
(-5.1327403 4.3837743 12)
(-5.1327403 4.3837743 11.5)
(-3.9921313 3.4096023 7.25)
(-3.9921313 3.4096023 7.5)
(-3.9921313 3.4096023 7)
(-3.9921313 3.4096023 7.75)
(-5.8931462 5.0332224 12.25)
(-5.8931462 5.0332224 12)
(-5.7030447 4.8708604 12.25)
(-3.9921313 3.4096023 6.75)
(-3.9921313 3.4096023 6.5)
(-5.8931462 5.0332224 11.75)
(-4.9426388 4.2214123 11)
(-4.9426388 4.2214123 10.75)
(-5.1327403 4.3837743 10.75)
(-5.1327403 4.3837743 11)
(-4.9426388 4.2214123 10.5)
(-5.1327403 4.3837743 10.5)
(-5.8931462 5.0332224 7.25)
(-5.7030447 4.8708604 7.25)
(-5.5129433 4.7084984 3.75)
(-5.7030447 4.8708604 3.75)
(-5.7030447 4.8708604 4)
(-5.5129433 4.7084984 4)
(-3.9921313 3.4096023 11.25)
(-3.9921313 3.4096023 11.5)
(-5.8931462 5.0332224 6.25)
(-5.8931462 5.0332224 6)
(-4.9426388 4.2214123 10.25)
(-5.1327403 4.3837743 10.25)
(-5.1327403 4.3837743 10)
(-5.3228418 4.5461363 10.25)
(-3.9921313 3.4096023 11.75)
(-3.9921313 3.4096023 12)
(-5.8931462 5.0332224 5.75)
(-5.7030447 4.8708604 5.75)
(-5.7030447 4.8708604 4.25)
(-5.5129433 4.7084984 4.25)
(-3.9921313 3.4096023 12.75)
(-3.9921313 3.4096023 12.5)
(-3.9921313 3.4096023 13)
(-5.8931462 5.0332224 4.75)
(-5.8931462 5.0332224 4.5)
(-5.8931462 5.0332224 4)
(-5.8931462 5.0332224 4.25)
(-3.9921313 3.4096023 13.25)
(-3.9921313 3.4096023 13.5)
(-3.9921313 3.4096023 13.75)
(-3.9921313 3.4096023 14)
(-3.9921313 3.4096023 14.5)
(-3.9921313 3.4096023 14.25)
(-4.7525373 4.0590503 10.25)
(-4.7525373 4.0590503 10.5)
(-3.9921313 3.4096023 2)
(-3.9921313 3.4096023 1.75)
(-3.9921313 3.4096023 1.5)
(-3.9921313 3.4096023 14.75)
(-4.1822328 3.5719643 14.75)
(-4.9426388 4.2214123 9.25)
(-5.1327403 4.3837743 9.25)
(-5.1327403 4.3837743 9.5)
(-4.3723343 3.7343263 14.75)
(-4.5624358 3.8966883 14.75)
(-6.6535522 5.6826704 14.75)
(-6.4634507 5.5203084 14.75)
(-5.1327403 4.3837743 9.75)
(-4.7525373 4.0590503 14.75)
(-4.9426388 4.2214123 14.75)
(-5.7030447 4.8708604 14.75)
(-5.8931462 5.0332224 14.75)
(-6.0832477 5.1955844 14.75)
(-4.9426388 4.2214123 7.75)
(-5.1327403 4.3837743 7.75)
(-5.1327403 4.3837743 8)
(-6.2733492 5.3579464 14.75)
(-5.1327403 4.3837743 8.25)
(-5.8931462 5.0332224 1.75)
(-5.7030447 4.8708604 1.75)
(-3.9921313 3.4096023 0.25)
(-3.9921313 3.4096023 0.5)
(-4.1822328 3.5719643 0.25)
(-4.9426388 4.2214123 6.25)
(-5.1327403 4.3837743 6.25)
(-5.1327403 4.3837743 6.5)
(-3.9921313 3.4096023 0.75)
(-3.9921313 3.4096023 1)
(-5.1327403 4.3837743 6.75)
(-3.9921313 3.4096023 12.25)
(-3.9921313 3.4096023 1.25)
(-4.9426388 4.2214123 12.5)
(-4.7525373 4.0590503 12.5)
(-4.7525373 4.0590503 12.25)
(-4.9426388 4.2214123 12.25)
(-3.9921313 3.4096023 2.25)
(-3.9921313 3.4096023 2.5)
(-4.9426388 4.2214123 4.75)
(-5.1327403 4.3837743 4.75)
(-5.1327403 4.3837743 5)
(-3.9921313 3.4096023 3.5)
(-3.9921313 3.4096023 3.25)
(-3.9921313 3.4096023 3)
(-3.9921313 3.4096023 2.75)
(-5.1327403 4.3837743 5.25)
(-3.9921313 3.4096023 3.75)
(-3.9921313 3.4096023 4)
(-3.9921313 3.4096023 5)
(-3.9921313 3.4096023 4.75)
(-3.9921313 3.4096023 4.5)
(-3.9921313 3.4096023 4.25)
(-5.8931462 5.0332224 13.25)
(-5.7030447 4.8708604 13.25)
(-3.9921313 3.4096023 5.25)
(-3.9921313 3.4096023 5.5)
(-5.1327403 4.3837743 11.25)
(-4.9426388 4.2214123 11.25)
(-3.9921313 3.4096023 6.25)
(-3.9921313 3.4096023 6)
(-3.9921313 3.4096023 5.75)
(-4.7525373 4.0590503 4.75)
(-4.7525373 4.0590503 4.5)
(-6.6535522 5.6826704 5.5)
(-6.6535522 5.6826704 5.75)
(-6.6535522 5.6826704 6)
(-6.6535522 5.6826704 0.25)
(-6.4634507 5.5203084 0.25)
(-6.6535522 5.6826704 0.5)
(-4.7525373 4.0590503 6.25)
(-4.7525373 4.0590503 6)
(-4.7525373 4.0590503 4.25)
(-6.6535522 5.6826704 1.25)
(-6.6535522 5.6826704 1)
(-6.6535522 5.6826704 1.5)
(-5.8931462 5.0332224 3.75)
(-5.8931462 5.0332224 3.5)
(-6.6535522 5.6826704 5.25)
(-6.6535522 5.6826704 5)
(-6.6535522 5.6826704 0.75)
(-5.5129433 4.7084984 5.75)
(-5.5129433 4.7084984 10.25)
(-4.7525373 4.0590503 11)
(-4.7525373 4.0590503 10.75)
(-6.6535522 5.6826704 4.75)
(-6.6535522 5.6826704 4.5)
(-4.7525373 4.0590503 8.75)
(-4.7525373 4.0590503 9)
(-6.6535522 5.6826704 2.25)
(-6.6535522 5.6826704 2)
(-6.6535522 5.6826704 2.5)
(-6.6535522 5.6826704 1.75)
(-6.6535522 5.6826704 4)
(-6.6535522 5.6826704 4.25)
(-5.5129433 4.7084984 8.75)
(-4.7525373 4.0590503 2.75)
(-4.7525373 4.0590503 3)
(-6.6535522 5.6826704 2.75)
(-6.6535522 5.6826704 3)
(-6.6535522 5.6826704 3.25)
(-6.6535522 5.6826704 3.5)
(-5.8931462 5.0332224 3.25)
(-5.5129433 4.7084984 7.25)
(-4.7525373 4.0590503 3.25)
(-6.6535522 5.6826704 3.75)
(-6.6535522 5.6826704 6.25)
(-6.6535522 5.6826704 6.5)
(-4.3723343 3.7343263 0.25)
(-4.5624358 3.8966883 0.25)
(-4.7525373 4.0590503 9.25)
(-6.6535522 5.6826704 6.75)
(-4.7525373 4.0590503 7.25)
(-4.7525373 4.0590503 7.5)
(-6.0832477 5.1955844 0.25)
(-5.8931462 5.0332224 0.25)
(-5.7030447 4.8708604 0.25)
(-5.3228418 4.5461363 0.5)
(-5.3228418 4.5461363 0.25)
(-5.5129433 4.7084984 0.25)
(-5.5129433 4.7084984 0.5)
(-4.7525373 4.0590503 11.25)
(-4.7525373 4.0590503 5.75)
(-4.7525373 4.0590503 7.75)
(-6.2733492 5.3579464 0.25)
(-5.1327403 4.3837743 1.25)
(-5.1327403 4.3837743 1.5)
(-5.1327403 4.3837743 1)
(-5.3228418 4.5461363 1)
(-5.3228418 4.5461363 1.25)
(-5.3228418 4.5461363 1.5)
(-4.7525373 4.0590503 0.25)
(-4.9426388 4.2214123 0.25)
(-4.9426388 4.2214123 0.5)
(-4.7525373 4.0590503 0.5)
(-5.1327403 4.3837743 0.5)
(-5.1327403 4.3837743 0.25)
(-5.5129433 4.7084984 1.25)
(-5.5129433 4.7084984 1.5)
(-5.5129433 4.7084984 1)
(-5.3228418 4.5461363 13)
(-5.3228418 4.5461363 13.25)
(-5.1327403 4.3837743 13.25)
(-5.1327403 4.3837743 13)
(-5.3228418 4.5461363 13.5)
(-5.1327403 4.3837743 13.5)
(-4.9426388 4.2214123 13.5)
(-4.9426388 4.2214123 13.25)
(-4.9426388 4.2214123 13)
(-5.5129433 4.7084984 0.75)
(-5.3228418 4.5461363 0.75)
(-4.7525373 4.0590503 1.75)
(-4.9426388 4.2214123 1.75)
(-5.3228418 4.5461363 12.25)
(-5.1327403 4.3837743 12.25)
(-5.3228418 4.5461363 12.5)
(-5.1327403 4.3837743 12.5)
(-5.5129433 4.7084984 12.5)
(-5.5129433 4.7084984 12.25)
(-5.5129433 4.7084984 14.75)
(-5.3228418 4.5461363 14.75)
(-5.3228418 4.5461363 14.5)
(-5.5129433 4.7084984 14.5)
(-4.9426388 4.2214123 12.75)
(-4.7525373 4.0590503 12.75)
(-4.7525373 4.0590503 13)
(-5.1327403 4.3837743 12.75)
(-5.3228418 4.5461363 12.75)
(-5.5129433 4.7084984 14)
(-5.5129433 4.7084984 13.75)
(-5.3228418 4.5461363 14)
(-5.3228418 4.5461363 13.75)
(-5.5129433 4.7084984 13.5)
(-5.5129433 4.7084984 13)
(-5.5129433 4.7084984 12.75)
(-5.1327403 4.3837743 14.75)
(-5.1327403 4.3837743 14.5)
(-5.5129433 4.7084984 13.25)
(-5.3228418 4.5461363 14.25)
(-5.5129433 4.7084984 14.25)
(-5.1327403 4.3837743 14.25)
(-5.1327403 4.3837743 14)
(-4.7525373 4.0590503 13.5)
(-4.7525373 4.0590503 13.25)
(-5.5129433 4.7084984 1.75)
(-5.3228418 4.5461363 1.75)
(-4.9426388 4.2214123 0.75)
(-5.1327403 4.3837743 0.75)
(-5.1327403 4.3837743 1.75)
(-4.7525373 4.0590503 0.75)
(-4.9426388 4.2214123 13.75)
(-4.7525373 4.0590503 13.75)
(-5.1327403 4.3837743 13.75)
)


// ************************************************************************* //
