/*--------------------------------*- C++ -*----------------------------------*\
| =========                 |                                                 |
| \\      /  F ield         | OpenFOAM: The Open Source CFD Toolbox           |
|  \\    /   O peration     | Version:  4.1                                   |
|   \\  /    A nd           | Web:      www.OpenFOAM.org                      |
|    \\/     M anipulation  |                                                 |
\*---------------------------------------------------------------------------*/
FoamFile
{
    version     2.0;
    format      ascii;
    class       faceList;
    location    "constant/Barrel_rotated/polyMesh";
    object      faces;
}
// * * * * * * * * * * * * * * * * * * * * * * * * * * * * * * * * * * * * * //


3916
(
4(355 1190 1191 359)
4(358 359 1191 1192)
4(220 1189 1190 355)
4(220 358 1192 1189)
4(359 356 1194 1191)
4(355 1190 1193 215)
4(215 1193 1194 356)
4(359 357 1196 1191)
4(357 257 1195 1196)
4(356 1194 1195 257)
4(358 267 1197 1192)
4(267 357 1196 1197)
4(360 1199 1200 364)
4(363 364 1200 1201)
4(171 1198 1199 360)
4(171 363 1201 1198)
4(364 361 1203 1200)
4(360 1199 1202 125)
4(125 1202 1203 361)
4(364 362 1205 1200)
4(362 208 1204 1205)
4(361 1203 1204 208)
4(363 234 1206 1201)
4(234 362 1205 1206)
4(365 1208 1209 369)
4(368 369 1209 1210)
4(170 1207 1208 365)
4(170 368 1210 1207)
4(369 366 1212 1209)
4(365 1208 1211 124)
4(124 1211 1212 366)
4(369 367 1214 1209)
4(367 207 1213 1214)
4(366 1212 1213 207)
4(233 367 1214 1215)
4(368 233 1215 1210)
4(370 1217 1218 374)
4(373 374 1218 1219)
4(169 1216 1217 370)
4(169 373 1219 1216)
4(374 371 1221 1218)
4(370 1217 1220 123)
4(123 1220 1221 371)
4(374 372 1223 1218)
4(372 206 1222 1223)
4(371 1221 1222 206)
4(232 372 1223 1224)
4(373 232 1224 1219)
4(375 1226 1227 379)
4(378 379 1227 1228)
4(168 1225 1226 375)
4(168 378 1228 1225)
4(379 376 1230 1227)
4(375 1226 1229 122)
4(122 1229 1230 376)
4(379 377 1232 1227)
4(377 205 1231 1232)
4(376 1230 1231 205)
4(231 377 1232 1233)
4(378 231 1233 1228)
4(380 1235 1236 384)
4(383 384 1236 1237)
4(167 1234 1235 380)
4(167 383 1237 1234)
4(384 381 1239 1236)
4(380 1235 1238 121)
4(121 1238 1239 381)
4(384 382 1241 1236)
4(382 204 1240 1241)
4(381 1239 1240 204)
4(230 382 1241 1242)
4(383 230 1242 1237)
4(385 1244 1245 389)
4(388 389 1245 1246)
4(166 1243 1244 385)
4(166 388 1246 1243)
4(389 386 1248 1245)
4(385 1244 1247 120)
4(120 1247 1248 386)
4(389 387 1250 1245)
4(387 202 1249 1250)
4(386 1248 1249 202)
4(228 387 1250 1251)
4(388 228 1251 1246)
4(390 1253 1254 394)
4(393 394 1254 1255)
4(84 393 1255 1252)
4(84 1252 1253 390)
4(394 391 1257 1254)
4(154 1256 1257 391)
4(390 1253 1256 154)
4(394 392 1259 1254)
4(392 163 1258 1259)
4(391 1257 1258 163)
4(393 186 1260 1255)
4(186 392 1259 1260)
4(395 1262 1263 399)
4(398 399 1263 1264)
4(165 1261 1262 395)
4(165 398 1264 1261)
4(399 396 1266 1263)
4(183 1265 1266 396)
4(395 1262 1265 183)
4(399 397 1268 1263)
4(396 1266 1267 182)
4(397 182 1267 1268)
4(211 397 1268 1269)
4(398 211 1269 1264)
4(400 1271 1272 404)
4(403 404 1272 1273)
4(219 403 1273 1270)
4(219 1270 1271 400)
4(404 401 1275 1272)
4(244 1274 1275 401)
4(400 1271 1274 244)
4(404 402 1277 1272)
4(402 256 1276 1277)
4(401 1275 1276 256)
4(403 277 1278 1273)
4(277 402 1277 1278)
4(405 1280 1281 409)
4(408 409 1281 1282)
4(177 408 1282 1279)
4(177 1279 1280 405)
4(409 406 1284 1281)
4(200 1283 1284 406)
4(405 1280 1283 200)
4(409 407 1286 1281)
4(407 160 1285 1286)
4(406 1284 1285 160)
4(408 117 1287 1282)
4(117 407 1286 1287)
4(410 1289 1290 413)
4(412 413 1290 1291)
4(264 1288 1289 410)
4(264 412 1291 1288)
4(413 411 1293 1290)
4(410 1289 1292 236)
4(236 1292 1293 411)
4(413 403 1273 1290)
4(411 1293 1270 219)
4(412 277 1278 1291)
4(414 1295 1296 418)
4(417 418 1296 1297)
4(159 1294 1295 414)
4(159 417 1297 1294)
4(418 415 1299 1296)
4(414 1295 1298 116)
4(116 1298 1299 415)
4(418 416 1301 1296)
4(415 1299 1300 176)
4(416 176 1300 1301)
4(417 199 1302 1297)
4(199 416 1301 1302)
4(419 1304 1305 423)
4(422 423 1305 1306)
4(158 1303 1304 419)
4(158 422 1306 1303)
4(423 420 1308 1305)
4(419 1304 1307 115)
4(115 1307 1308 420)
4(423 421 1310 1305)
4(420 1308 1309 175)
4(421 175 1309 1310)
4(422 198 1311 1306)
4(198 421 1310 1311)
4(424 1313 1314 428)
4(427 428 1314 1315)
4(157 1312 1313 424)
4(157 427 1315 1312)
4(428 425 1317 1314)
4(424 1313 1316 114)
4(114 1316 1317 425)
4(428 426 1319 1314)
4(425 1317 1318 174)
4(426 174 1318 1319)
4(427 197 1320 1315)
4(197 426 1319 1320)
4(429 1322 1323 432)
4(431 432 1323 1324)
4(172 1321 1322 429)
4(172 431 1324 1321)
4(432 430 1326 1323)
4(429 1322 1325 129)
4(129 1325 1326 430)
4(432 355 1190 1323)
4(430 1326 1193 215)
4(431 220 1189 1324)
4(433 1328 1329 437)
4(436 437 1329 1330)
4(156 436 1330 1327)
4(156 1327 1328 433)
4(437 434 1332 1329)
4(113 1331 1332 434)
4(433 1328 1331 113)
4(437 435 1334 1329)
4(434 1332 1333 173)
4(435 173 1333 1334)
4(436 196 1335 1330)
4(196 435 1334 1335)
4(438 1337 1338 441)
4(440 441 1338 1339)
4(266 1336 1337 438)
4(266 440 1339 1336)
4(441 439 1341 1338)
4(438 1337 1340 251)
4(251 1340 1341 439)
4(441 358 1192 1338)
4(439 1341 1189 220)
4(440 267 1197 1339)
4(442 1343 1344 446)
4(445 446 1344 1345)
4(155 445 1345 1342)
4(155 1342 1343 442)
4(446 443 1347 1344)
4(112 1346 1347 443)
4(442 1343 1346 112)
4(446 444 1348 1344)
4(443 1347 1321 172)
4(444 172 1321 1348)
4(445 195 1349 1345)
4(195 444 1348 1349)
4(447 1350 1351 450)
4(393 450 1351 1255)
4(186 1260 1350 447)
4(450 448 1353 1351)
4(227 1352 1353 448)
4(447 1350 1352 227)
4(450 449 1355 1351)
4(448 1353 1354 153)
4(449 153 1354 1355)
4(84 449 1355 1252)
4(451 1356 1357 454)
4(453 454 1357 1358)
4(182 1267 1356 451)
4(182 453 1358 1267)
4(454 452 1360 1357)
4(451 1356 1359 94)
4(94 1359 1360 452)
4(454 448 1353 1357)
4(452 1360 1354 153)
4(453 227 1352 1358)
4(455 1362 1363 459)
4(458 459 1363 1364)
4(221 458 1364 1361)
4(221 1361 1362 455)
4(459 456 1366 1363)
4(455 1362 1365 216)
4(216 1365 1366 456)
4(459 457 1368 1363)
4(457 258 1367 1368)
4(456 1366 1367 258)
4(458 269 1369 1364)
4(269 457 1368 1369)
4(460 1371 1372 462)
4(461 462 1372 1373)
4(152 461 1373 1370)
4(152 1370 1371 460)
4(462 451 1356 1372)
4(460 1371 1359 94)
4(462 396 1266 1372)
4(461 183 1265 1373)
4(463 1375 1376 466)
4(465 466 1376 1377)
4(268 465 1377 1374)
4(268 1374 1375 463)
4(466 464 1379 1376)
4(252 1378 1379 464)
4(463 1375 1378 252)
4(466 458 1364 1376)
4(464 1379 1361 221)
4(465 269 1369 1377)
4(467 1380 1381 470)
4(395 470 1381 1262)
4(165 1261 1380 467)
4(470 468 1383 1381)
4(101 1382 1383 468)
4(467 1380 1382 101)
4(470 469 1385 1381)
4(469 151 1384 1385)
4(468 1383 1384 151)
4(183 469 1385 1265)
4(461 1373 1386 473)
4(472 473 1386 1387)
4(152 472 1387 1370)
4(473 469 1385 1386)
4(473 471 1388 1386)
4(471 151 1384 1388)
4(472 99 1389 1387)
4(99 471 1388 1389)
4(474 1391 1392 478)
4(477 478 1392 1393)
4(149 477 1393 1390)
4(149 1390 1391 474)
4(478 475 1395 1392)
4(110 1394 1395 475)
4(474 1391 1394 110)
4(478 476 1397 1392)
4(476 187 1396 1397)
4(475 1395 1396 187)
4(477 229 1398 1393)
4(229 476 1397 1398)
4(479 1400 1401 482)
4(481 482 1401 1402)
4(162 1399 1400 479)
4(162 481 1402 1399)
4(482 480 1404 1401)
4(479 1400 1403 83)
4(83 1403 1404 480)
4(482 477 1393 1401)
4(480 1404 1390 149)
4(481 229 1398 1402)
4(483 1406 1407 486)
4(485 486 1407 1408)
4(241 485 1408 1405)
4(241 1405 1406 483)
4(486 484 1410 1407)
4(242 1409 1410 484)
4(483 1406 1409 242)
4(486 410 1289 1407)
4(484 1410 1292 236)
4(485 264 1288 1408)
4(487 1412 1413 491)
4(490 491 1413 1414)
4(247 490 1414 1411)
4(247 1411 1412 487)
4(491 488 1415 1413)
4(231 1233 1415 488)
4(487 1412 1233 231)
4(491 489 1416 1413)
4(488 1415 1195 257)
4(489 257 1195 1416)
4(490 268 1374 1414)
4(268 489 1416 1374)
4(492 1418 1419 495)
4(494 495 1419 1420)
4(87 494 1420 1417)
4(87 1417 1418 492)
4(495 339 1158 1419)
4(492 1418 1157 60)
4(495 493 1421 1419)
4(493 61 1159 1421)
4(157 493 1421 1312)
4(494 157 1312 1420)
4(340 1160 1422 497)
4(493 497 1422 1421)
4(497 496 1423 1422)
4(62 1161 1423 496)
4(497 424 1313 1422)
4(496 1423 1316 114)
4(411 1293 1424 500)
4(499 500 1424 1425)
4(219 499 1425 1270)
4(500 498 1426 1424)
4(236 1292 1426 498)
4(500 392 1259 1424)
4(498 1426 1260 186)
4(499 163 1258 1425)
4(341 1162 1427 503)
4(496 503 1427 1423)
4(503 501 1428 1427)
4(63 1163 1428 501)
4(503 502 1430 1427)
4(501 1428 1429 88)
4(502 88 1429 1430)
4(114 502 1430 1316)
4(504 1432 1433 508)
4(507 508 1433 1434)
4(249 507 1434 1431)
4(249 1431 1432 504)
4(508 505 1435 1433)
4(233 1215 1435 505)
4(504 1432 1215 233)
4(508 506 1437 1433)
4(505 1435 1436 259)
4(506 259 1436 1437)
4(507 272 1438 1434)
4(272 506 1437 1438)
4(501 1428 1439 511)
4(510 511 1439 1440)
4(88 510 1440 1429)
4(511 342 1164 1439)
4(511 509 1441 1439)
4(509 64 1165 1441)
4(158 509 1441 1303)
4(510 158 1303 1440)
4(343 1166 1442 513)
4(509 513 1442 1441)
4(513 512 1443 1442)
4(65 1167 1443 512)
4(513 419 1304 1442)
4(512 1443 1307 115)
4(344 1168 1444 516)
4(512 516 1444 1443)
4(516 514 1445 1444)
4(66 1169 1445 514)
4(516 515 1447 1444)
4(514 1445 1446 89)
4(515 89 1446 1447)
4(115 515 1447 1307)
4(517 1449 1450 521)
4(520 521 1450 1451)
4(248 520 1451 1448)
4(248 1448 1449 517)
4(521 518 1452 1450)
4(232 1224 1452 518)
4(517 1449 1224 232)
4(521 519 1453 1450)
4(518 1452 1367 258)
4(519 258 1367 1453)
4(520 270 1454 1451)
4(270 519 1453 1454)
4(514 1445 1455 524)
4(523 524 1455 1456)
4(89 523 1456 1446)
4(524 345 1170 1455)
4(524 522 1457 1455)
4(522 67 1171 1457)
4(159 522 1457 1294)
4(523 159 1294 1456)
4(346 1172 1458 526)
4(522 526 1458 1457)
4(526 525 1459 1458)
4(68 1173 1459 525)
4(526 414 1295 1458)
4(525 1459 1298 116)
4(347 1174 1460 529)
4(525 529 1460 1459)
4(529 527 1461 1460)
4(69 1175 1461 527)
4(529 528 1463 1460)
4(527 1461 1462 90)
4(528 90 1462 1463)
4(116 528 1463 1298)
4(530 1465 1466 534)
4(533 534 1466 1467)
4(181 533 1467 1464)
4(181 1464 1465 530)
4(534 531 1469 1466)
4(226 1468 1469 531)
4(530 1465 1468 226)
4(534 532 1471 1466)
4(532 201 1470 1471)
4(531 1469 1470 201)
4(533 137 1472 1467)
4(137 532 1471 1472)
4(535 1474 1475 539)
4(538 539 1475 1476)
4(222 1473 1474 535)
4(222 538 1476 1473)
4(539 536 1478 1475)
4(535 1474 1477 217)
4(217 1477 1478 536)
4(539 537 1479 1475)
4(537 259 1436 1479)
4(536 1478 1436 259)
4(538 271 1480 1476)
4(271 537 1479 1480)
4(527 1461 1481 542)
4(541 542 1481 1482)
4(90 541 1482 1462)
4(542 348 1176 1481)
4(542 540 1483 1481)
4(540 70 1177 1483)
4(160 540 1483 1285)
4(541 160 1285 1482)
4(350 1180 1484 546)
4(545 546 1484 1485)
4(71 545 1485 1179)
4(546 543 1486 1484)
4(72 1181 1486 543)
4(546 544 1488 1484)
4(543 1486 1487 91)
4(544 91 1487 1488)
4(117 544 1488 1287)
4(545 117 1287 1485)
4(547 1490 1491 551)
4(550 551 1491 1492)
4(184 1489 1490 547)
4(184 550 1492 1489)
4(551 548 1494 1491)
4(547 1490 1493 136)
4(136 1493 1494 548)
4(551 549 1496 1491)
4(549 178 1495 1496)
4(548 1494 1495 178)
4(224 549 1496 1497)
4(550 224 1497 1492)
4(543 1486 1498 554)
4(553 554 1498 1499)
4(91 553 1499 1487)
4(554 351 1182 1498)
4(554 552 1500 1498)
4(552 73 1183 1500)
4(161 552 1500 1501)
4(553 161 1501 1499)
4(352 1184 1502 557)
4(552 557 1502 1500)
4(557 555 1503 1502)
4(74 1185 1503 555)
4(557 556 1505 1502)
4(555 1503 1504 118)
4(556 118 1504 1505)
4(161 556 1505 1501)
4(558 1507 1508 561)
4(560 561 1508 1509)
4(245 560 1509 1506)
4(245 1506 1507 558)
4(561 559 1510 1508)
4(228 1251 1510 559)
4(558 1507 1251 228)
4(561 412 1291 1508)
4(559 1510 1288 264)
4(560 277 1278 1509)
4(353 1186 1511 564)
4(555 564 1511 1503)
4(564 562 1512 1511)
4(75 1187 1512 562)
4(564 563 1514 1511)
4(563 97 1513 1514)
4(562 1512 1513 97)
4(118 563 1514 1504)
4(565 1515 1516 567)
4(402 567 1516 1277)
4(256 1276 1515 565)
4(567 566 1517 1516)
4(565 1515 1240 204)
4(204 1240 1517 566)
4(567 560 1509 1516)
4(566 1517 1506 245)
4(568 1518 1519 572)
4(571 572 1519 1520)
4(176 1300 1518 568)
4(176 571 1520 1300)
4(572 569 1522 1519)
4(568 1518 1521 133)
4(133 1521 1522 569)
4(572 570 1524 1519)
4(570 209 1523 1524)
4(569 1522 1523 209)
4(235 570 1524 1525)
4(571 235 1525 1520)
4(573 1526 1527 577)
4(576 577 1527 1528)
4(175 1309 1526 573)
4(175 576 1528 1309)
4(577 574 1530 1527)
4(573 1526 1529 132)
4(132 1529 1530 574)
4(577 575 1532 1527)
4(575 218 1531 1532)
4(574 1530 1531 218)
4(223 575 1532 1533)
4(576 223 1533 1528)
4(578 1534 1535 581)
4(580 581 1535 1536)
4(174 1318 1534 578)
4(174 580 1536 1318)
4(581 579 1538 1535)
4(578 1534 1537 131)
4(131 1537 1538 579)
4(581 535 1474 1535)
4(579 1538 1477 217)
4(580 222 1473 1536)
4(582 1539 1540 585)
4(584 585 1540 1541)
4(173 1333 1539 582)
4(173 584 1541 1333)
4(585 583 1543 1540)
4(582 1539 1542 130)
4(130 1542 1543 583)
4(585 455 1362 1540)
4(583 1543 1365 216)
4(584 221 1361 1541)
4(586 1545 1546 590)
4(589 590 1546 1547)
4(261 1544 1545 586)
4(261 589 1547 1544)
4(590 587 1548 1546)
4(586 1545 1523 209)
4(209 1523 1548 587)
4(590 588 1550 1546)
4(587 1548 1549 243)
4(588 243 1549 1550)
4(589 278 1551 1547)
4(278 588 1550 1551)
4(591 1553 1554 595)
4(594 595 1554 1555)
4(111 594 1555 1552)
4(111 1552 1553 591)
4(595 592 1557 1554)
4(85 1556 1557 592)
4(591 1553 1556 85)
4(595 593 1559 1554)
4(592 1557 1558 128)
4(593 128 1558 1559)
4(594 188 1560 1555)
4(188 593 1559 1560)
4(596 1562 1563 599)
4(598 599 1563 1564)
4(106 598 1564 1561)
4(106 1561 1562 596)
4(599 597 1566 1563)
4(78 1565 1566 597)
4(596 1562 1565 78)
4(599 375 1226 1563)
4(597 1566 1229 122)
4(598 168 1225 1564)
4(592 1557 1567 602)
4(601 602 1567 1568)
4(128 601 1568 1558)
4(602 600 1569 1567)
4(85 1556 1569 600)
4(602 445 1345 1567)
4(600 1569 1342 155)
4(601 195 1349 1568)
4(603 1571 1572 606)
4(605 606 1572 1573)
4(107 605 1573 1570)
4(107 1570 1571 603)
4(606 604 1575 1572)
4(79 1574 1575 604)
4(603 1571 1574 79)
4(606 370 1217 1572)
4(604 1575 1220 123)
4(605 169 1216 1573)
4(607 1577 1578 611)
4(610 611 1578 1579)
4(127 610 1579 1576)
4(127 1576 1577 607)
4(611 608 1581 1578)
4(607 1577 1580 240)
4(240 1580 1581 608)
4(611 609 1583 1578)
4(609 203 1582 1583)
4(608 1581 1582 203)
4(610 177 1279 1579)
4(177 609 1583 1279)
4(612 1584 1585 615)
4(614 615 1585 1586)
4(127 1576 1584 612)
4(127 614 1586 1576)
4(615 553 1499 1585)
4(612 1584 1487 91)
4(615 613 1587 1585)
4(613 161 1501 1587)
4(201 613 1587 1470)
4(614 201 1470 1586)
4(616 1589 1590 619)
4(618 619 1590 1591)
4(108 618 1591 1588)
4(108 1588 1589 616)
4(619 617 1593 1590)
4(80 1592 1593 617)
4(616 1589 1592 80)
4(619 365 1208 1590)
4(617 1593 1211 124)
4(618 170 1207 1591)
4(476 1397 1594 623)
4(622 623 1594 1595)
4(229 622 1595 1398)
4(623 620 1596 1594)
4(187 1396 1596 620)
4(623 621 1598 1594)
4(621 237 1597 1598)
4(620 1596 1597 237)
4(262 621 1598 1599)
4(622 262 1599 1595)
4(624 1601 1602 628)
4(627 628 1602 1603)
4(126 1600 1601 624)
4(126 627 1603 1600)
4(628 625 1605 1602)
4(624 1601 1604 82)
4(82 1604 1605 625)
4(628 626 1607 1602)
4(626 148 1606 1607)
4(625 1605 1606 148)
4(194 626 1607 1608)
4(627 194 1608 1603)
4(629 1610 1611 632)
4(631 632 1611 1612)
4(109 631 1612 1609)
4(109 1609 1610 629)
4(632 630 1614 1611)
4(81 1613 1614 630)
4(629 1610 1613 81)
4(632 360 1199 1611)
4(630 1614 1202 125)
4(631 171 1198 1612)
4(630 1614 1615 636)
4(635 636 1615 1616)
4(125 635 1616 1202)
4(636 633 1617 1615)
4(81 1613 1617 633)
4(636 634 1619 1615)
4(634 147 1618 1619)
4(633 1617 1618 147)
4(193 634 1619 1620)
4(635 193 1620 1616)
4(617 1593 1621 640)
4(639 640 1621 1622)
4(124 639 1622 1211)
4(640 637 1623 1621)
4(80 1592 1623 637)
4(640 638 1625 1621)
4(638 146 1624 1625)
4(637 1623 1624 146)
4(192 638 1625 1626)
4(639 192 1626 1622)
4(641 1627 1628 643)
4(475 643 1628 1395)
4(110 1394 1627 641)
4(643 624 1601 1628)
4(641 1627 1604 82)
4(643 642 1629 1628)
4(642 126 1600 1629)
4(187 642 1629 1396)
4(382 1241 1630 646)
4(645 646 1630 1631)
4(230 645 1631 1242)
4(646 565 1515 1630)
4(646 644 1632 1630)
4(644 256 1276 1632)
4(645 276 1633 1631)
4(276 644 1632 1633)
4(604 1575 1634 650)
4(649 650 1634 1635)
4(123 649 1635 1220)
4(650 647 1636 1634)
4(79 1574 1636 647)
4(650 648 1638 1634)
4(648 145 1637 1638)
4(647 1636 1637 145)
4(191 648 1638 1639)
4(649 191 1639 1635)
4(651 1640 1641 654)
4(653 654 1641 1642)
4(129 1325 1640 651)
4(129 653 1642 1325)
4(654 652 1644 1641)
4(651 1640 1643 86)
4(86 1643 1644 652)
4(654 436 1330 1641)
4(652 1644 1327 156)
4(653 196 1335 1642)
4(655 1645 1646 658)
4(657 658 1646 1647)
4(266 657 1647 1336)
4(266 1336 1645 655)
4(658 656 1649 1646)
4(655 1645 1648 246)
4(246 1648 1649 656)
4(658 645 1631 1646)
4(656 1649 1242 230)
4(657 276 1633 1647)
4(391 1257 1650 661)
4(660 661 1650 1651)
4(163 660 1651 1258)
4(661 659 1652 1650)
4(154 1256 1652 659)
4(661 594 1555 1650)
4(659 1652 1552 111)
4(660 188 1560 1651)
4(597 1566 1653 665)
4(664 665 1653 1654)
4(122 664 1654 1229)
4(665 662 1655 1653)
4(78 1565 1655 662)
4(665 663 1657 1653)
4(663 144 1656 1657)
4(662 1655 1656 144)
4(190 663 1657 1658)
4(664 190 1658 1654)
4(666 1659 1660 667)
4(443 667 1660 1347)
4(112 1346 1659 666)
4(667 651 1640 1660)
4(666 1659 1643 86)
4(667 429 1322 1660)
4(668 1661 1662 672)
4(671 672 1662 1663)
4(121 1238 1661 668)
4(121 671 1663 1238)
4(672 669 1665 1662)
4(668 1661 1664 77)
4(77 1664 1665 669)
4(672 670 1667 1662)
4(670 143 1666 1667)
4(669 1665 1666 143)
4(189 670 1667 1668)
4(671 189 1668 1663)
4(673 1669 1670 677)
4(676 677 1670 1671)
4(120 1247 1669 673)
4(120 676 1671 1247)
4(677 674 1673 1670)
4(673 1669 1672 76)
4(76 1672 1673 674)
4(677 675 1675 1670)
4(675 142 1674 1675)
4(674 1673 1674 142)
4(184 675 1675 1489)
4(676 184 1489 1671)
4(678 1676 1677 680)
4(434 680 1677 1332)
4(113 1331 1676 678)
4(680 679 1678 1677)
4(87 1417 1678 679)
4(678 1676 1417 87)
4(680 582 1539 1677)
4(679 1678 1542 130)
4(681 1680 1681 684)
4(683 684 1681 1682)
4(119 683 1682 1679)
4(119 1679 1680 681)
4(684 682 1684 1681)
4(681 1680 1683 138)
4(138 1683 1684 682)
4(684 533 1467 1681)
4(682 1684 1464 181)
4(683 137 1472 1682)
4(502 1430 1685 686)
4(425 686 1685 1317)
4(686 685 1686 1685)
4(88 1429 1686 685)
4(686 578 1534 1685)
4(685 1686 1537 131)
4(563 1514 1687 689)
4(688 689 1687 1688)
4(118 688 1688 1504)
4(689 687 1689 1687)
4(97 1513 1689 687)
4(689 683 1682 1687)
4(687 1689 1679 119)
4(688 137 1472 1688)
4(515 1447 1690 691)
4(420 691 1690 1308)
4(691 690 1691 1690)
4(89 1446 1691 690)
4(691 573 1526 1690)
4(690 1691 1529 132)
4(544 1488 1692 692)
4(408 692 1692 1282)
4(692 612 1584 1692)
4(692 610 1579 1692)
4(528 1463 1693 694)
4(415 694 1693 1299)
4(694 693 1694 1693)
4(90 1462 1694 693)
4(694 568 1518 1693)
4(693 1694 1521 133)
4(695 1696 1697 699)
4(698 699 1697 1698)
4(185 698 1698 1695)
4(185 1695 1696 695)
4(699 696 1700 1697)
4(695 1696 1699 141)
4(141 1699 1700 696)
4(699 697 1702 1697)
4(697 96 1701 1702)
4(696 1700 1701 96)
4(698 150 1703 1698)
4(150 697 1702 1703)
4(700 1704 1705 702)
4(626 702 1705 1607)
4(148 1606 1704 700)
4(702 631 1612 1705)
4(700 1704 1609 109)
4(702 701 1706 1705)
4(701 171 1198 1706)
4(194 701 1706 1608)
4(703 1708 1709 707)
4(706 707 1709 1710)
4(274 706 1710 1707)
4(274 1707 1708 703)
4(707 704 1712 1709)
4(255 1711 1712 704)
4(703 1708 1711 255)
4(707 705 1713 1709)
4(705 235 1525 1713)
4(704 1712 1525 235)
4(275 705 1713 1714)
4(706 275 1714 1710)
4(570 1524 1715 709)
4(705 709 1715 1713)
4(709 586 1545 1715)
4(709 708 1716 1715)
4(708 261 1544 1716)
4(275 708 1716 1714)
4(710 1717 1718 713)
4(712 713 1718 1719)
4(270 712 1719 1454)
4(270 1454 1717 710)
4(713 711 1721 1718)
4(253 1720 1721 711)
4(710 1717 1720 253)
4(713 538 1476 1718)
4(711 1721 1473 222)
4(712 271 1480 1719)
4(714 1722 1723 716)
4(634 716 1723 1619)
4(147 1618 1722 714)
4(716 618 1591 1723)
4(714 1722 1588 108)
4(716 715 1724 1723)
4(715 170 1207 1724)
4(193 715 1724 1620)
4(717 1725 1726 719)
4(638 719 1726 1625)
4(146 1624 1725 717)
4(719 605 1573 1726)
4(717 1725 1570 107)
4(719 718 1727 1726)
4(718 169 1216 1727)
4(192 718 1727 1626)
4(720 1728 1729 722)
4(648 722 1729 1638)
4(145 1637 1728 720)
4(722 598 1564 1729)
4(720 1728 1561 106)
4(722 721 1730 1729)
4(721 168 1225 1730)
4(191 721 1730 1639)
4(575 1532 1731 726)
4(725 726 1731 1732)
4(223 725 1732 1533)
4(726 723 1733 1731)
4(218 1531 1733 723)
4(726 724 1735 1731)
4(724 260 1734 1735)
4(723 1733 1734 260)
4(725 273 1736 1732)
4(273 724 1735 1736)
4(727 1737 1738 730)
4(663 730 1738 1657)
4(144 1656 1737 727)
4(730 728 1740 1738)
4(105 1739 1740 728)
4(727 1737 1739 105)
4(730 729 1741 1738)
4(728 1740 1234 167)
4(729 167 1234 1741)
4(190 729 1741 1658)
4(731 1743 1744 735)
4(734 735 1744 1745)
4(179 734 1745 1742)
4(179 1742 1743 731)
4(735 732 1747 1744)
4(180 1746 1747 732)
4(731 1743 1746 180)
4(735 733 1749 1744)
4(732 1747 1748 95)
4(733 95 1748 1749)
4(734 140 1750 1745)
4(140 733 1749 1750)
4(736 1751 1752 739)
4(738 739 1752 1753)
4(272 738 1753 1438)
4(272 1438 1751 736)
4(739 737 1755 1752)
4(254 1754 1755 737)
4(736 1751 1754 254)
4(739 725 1732 1752)
4(737 1755 1533 223)
4(738 273 1736 1753)
4(698 1698 1756 742)
4(741 742 1756 1757)
4(185 741 1757 1695)
4(742 740 1758 1756)
4(150 1703 1758 740)
4(742 732 1747 1756)
4(740 1758 1748 95)
4(741 180 1746 1757)
4(743 1759 1760 746)
4(745 746 1760 1761)
4(166 745 1761 1243)
4(166 1243 1759 743)
4(746 670 1667 1760)
4(743 1759 1668 189)
4(746 744 1762 1760)
4(744 143 1666 1762)
4(745 104 1763 1761)
4(104 744 1762 1763)
4(349 1178 1764 747)
4(540 747 1764 1483)
4(747 545 1485 1764)
4(747 407 1286 1764)
4(748 1765 1766 750)
4(479 750 1766 1400)
4(162 1399 1765 748)
4(750 734 1745 1766)
4(748 1765 1742 179)
4(750 749 1767 1766)
4(749 140 1750 1767)
4(83 749 1767 1403)
4(556 1505 1768 751)
4(613 751 1768 1587)
4(751 688 1688 1768)
4(751 532 1471 1768)
4(547 1490 1769 754)
4(753 754 1769 1770)
4(136 753 1770 1493)
4(754 675 1675 1769)
4(754 752 1771 1769)
4(752 142 1674 1771)
4(753 103 1772 1770)
4(103 752 1771 1772)
4(755 1773 1774 758)
4(753 758 1774 1770)
4(103 1772 1773 755)
4(758 756 1776 1774)
4(755 1773 1775 98)
4(98 1775 1776 756)
4(758 757 1778 1774)
4(756 1776 1777 100)
4(757 100 1777 1778)
4(136 757 1778 1493)
4(693 1694 1779 760)
4(759 760 1779 1780)
4(133 759 1780 1521)
4(760 541 1482 1779)
4(760 406 1284 1779)
4(759 200 1283 1780)
4(761 1781 1782 764)
4(695 764 1782 1696)
4(185 1695 1781 761)
4(764 762 1784 1782)
4(164 1783 1784 762)
4(761 1781 1783 164)
4(764 763 1786 1782)
4(763 102 1785 1786)
4(762 1784 1785 102)
4(141 763 1786 1699)
4(690 1691 1787 766)
4(765 766 1787 1788)
4(132 765 1788 1529)
4(766 523 1456 1787)
4(766 417 1297 1787)
4(765 199 1302 1788)
4(447 1350 1789 768)
4(767 768 1789 1790)
4(227 767 1790 1352)
4(768 498 1426 1789)
4(768 484 1410 1789)
4(767 242 1409 1790)
4(769 1791 1792 770)
4(745 770 1792 1761)
4(104 1763 1791 769)
4(770 673 1669 1792)
4(769 1791 1672 76)
4(770 385 1244 1792)
4(685 1686 1793 772)
4(771 772 1793 1794)
4(131 771 1794 1537)
4(772 510 1440 1793)
4(772 422 1306 1793)
4(771 198 1311 1794)
4(679 1678 1795 774)
4(773 774 1795 1796)
4(130 773 1796 1542)
4(774 494 1420 1795)
4(774 427 1315 1795)
4(773 197 1320 1796)
4(775 1797 1798 776)
4(728 776 1798 1740)
4(105 1739 1797 775)
4(776 668 1661 1798)
4(775 1797 1664 77)
4(776 380 1235 1798)
4(387 1250 1799 778)
4(559 778 1799 1510)
4(778 777 1800 1799)
4(202 1249 1800 777)
4(778 485 1408 1799)
4(777 1800 1405 241)
4(303 1087 1801 781)
4(780 781 1801 1802)
4(27 780 1802 1088)
4(781 779 1803 1801)
4(26 1086 1803 779)
4(781 616 1589 1801)
4(779 1803 1592 80)
4(780 108 1588 1802)
4(782 1804 1805 784)
4(625 784 1805 1605)
4(82 1604 1804 782)
4(784 308 1097 1805)
4(782 1804 1098 32)
4(784 783 1806 1805)
4(783 31 1096 1806)
4(148 783 1806 1606)
4(426 1319 1807 786)
4(785 786 1807 1808)
4(197 785 1808 1320)
4(786 580 1536 1807)
4(786 711 1721 1807)
4(785 253 1720 1808)
4(306 1093 1809 789)
4(788 789 1809 1810)
4(30 788 1810 1094)
4(789 787 1811 1809)
4(29 1092 1811 787)
4(789 629 1610 1809)
4(787 1811 1613 81)
4(788 109 1609 1810)
4(579 1538 1812 792)
4(791 792 1812 1813)
4(217 791 1813 1477)
4(792 771 1794 1812)
4(792 790 1814 1812)
4(790 198 1311 1814)
4(254 790 1814 1754)
4(791 254 1754 1813)
4(421 1310 1815 793)
4(790 793 1815 1814)
4(793 576 1528 1815)
4(793 737 1755 1815)
4(304 1089 1816 795)
4(794 795 1816 1817)
4(28 794 1817 1090)
4(795 780 1802 1816)
4(795 714 1722 1816)
4(794 147 1618 1817)
4(787 1811 1818 796)
4(633 796 1818 1617)
4(796 305 1091 1818)
4(796 794 1817 1818)
4(574 1530 1819 799)
4(798 799 1819 1820)
4(218 798 1820 1531)
4(799 765 1788 1819)
4(799 797 1821 1819)
4(797 199 1302 1821)
4(255 797 1821 1711)
4(798 255 1711 1820)
4(307 1095 1822 800)
4(783 800 1822 1806)
4(800 788 1810 1822)
4(800 700 1704 1822)
4(416 1301 1823 801)
4(797 801 1823 1821)
4(801 571 1520 1823)
4(801 704 1712 1823)
4(621 1598 1824 804)
4(803 804 1824 1825)
4(262 803 1825 1599)
4(804 802 1826 1824)
4(237 1597 1826 802)
4(804 589 1547 1824)
4(802 1826 1544 261)
4(803 278 1551 1825)
4(301 1083 1827 807)
4(806 807 1827 1828)
4(25 806 1828 1084)
4(807 805 1829 1827)
4(24 1082 1829 805)
4(807 717 1725 1827)
4(805 1829 1570 107)
4(806 146 1624 1828)
4(779 1803 1830 808)
4(637 808 1830 1623)
4(808 302 1085 1830)
4(808 806 1828 1830)
4(405 1280 1831 811)
4(810 811 1831 1832)
4(200 810 1832 1283)
4(811 609 1583 1831)
4(811 809 1833 1831)
4(809 203 1582 1833)
4(810 243 1549 1832)
4(243 809 1833 1549)
4(300 1081 1834 813)
4(805 813 1834 1829)
4(813 812 1835 1834)
4(23 1080 1835 812)
4(813 603 1571 1834)
4(812 1835 1574 79)
4(569 1522 1836 814)
4(587 814 1836 1548)
4(814 759 1780 1836)
4(814 810 1832 1836)
4(815 1838 1839 818)
4(817 818 1839 1840)
4(213 817 1840 1837)
4(213 1837 1838 815)
4(818 816 1842 1839)
4(250 1841 1842 816)
4(815 1838 1841 250)
4(818 706 1710 1839)
4(816 1842 1707 274)
4(817 275 1714 1840)
4(583 1543 1843 820)
4(819 820 1843 1844)
4(216 819 1844 1365)
4(820 773 1796 1843)
4(820 785 1808 1843)
4(819 253 1720 1844)
4(401 1275 1845 823)
4(644 823 1845 1632)
4(823 821 1846 1845)
4(244 1274 1846 821)
4(823 822 1848 1845)
4(822 214 1847 1848)
4(821 1846 1847 214)
4(276 822 1848 1633)
4(309 1099 1849 825)
4(824 825 1849 1850)
4(33 824 1850 1100)
4(825 782 1804 1849)
4(825 641 1627 1849)
4(824 110 1394 1850)
4(435 1334 1851 827)
4(826 827 1851 1852)
4(196 826 1852 1335)
4(827 584 1541 1851)
4(827 464 1379 1851)
4(826 252 1378 1852)
4(828 1853 1854 831)
4(816 831 1854 1842)
4(250 1841 1853 828)
4(831 829 1855 1854)
4(828 1853 1206 234)
4(234 1206 1855 829)
4(831 830 1856 1854)
4(829 1855 1734 260)
4(830 260 1734 1856)
4(274 830 1856 1707)
4(310 1101 1857 833)
4(832 833 1857 1858)
4(34 832 1858 1102)
4(833 824 1850 1857)
4(833 474 1391 1857)
4(832 149 1390 1858)
4(430 1326 1859 835)
4(834 835 1859 1860)
4(215 834 1860 1193)
4(835 653 1642 1859)
4(835 826 1852 1859)
4(834 252 1378 1860)
4(836 1861 1862 837)
4(822 837 1862 1848)
4(214 1847 1861 836)
4(837 438 1337 1862)
4(836 1861 1340 251)
4(837 657 1647 1862)
4(749 1767 1863 840)
4(839 840 1863 1864)
4(83 839 1864 1403)
4(840 838 1865 1863)
4(140 1750 1865 838)
4(840 312 1105 1863)
4(838 1865 1106 36)
4(839 35 1104 1864)
4(444 1348 1866 842)
4(841 842 1866 1867)
4(195 841 1867 1349)
4(842 431 1324 1866)
4(842 439 1341 1866)
4(841 251 1340 1867)
4(843 1868 1869 844)
4(836 844 1869 1861)
4(214 1847 1868 843)
4(844 601 1568 1869)
4(843 1868 1558 128)
4(844 841 1867 1869)
4(733 1749 1870 846)
4(838 846 1870 1865)
4(846 845 1871 1870)
4(95 1748 1871 845)
4(846 313 1107 1870)
4(845 1871 1108 37)
4(314 1109 1872 848)
4(847 848 1872 1873)
4(38 847 1873 1110)
4(848 845 1871 1872)
4(848 740 1758 1872)
4(847 150 1703 1873)
4(849 1874 1875 850)
4(697 850 1875 1702)
4(96 1701 1874 849)
4(850 315 1111 1875)
4(849 1874 1112 39)
4(850 847 1873 1875)
4(701 1706 1876 852)
4(851 852 1876 1877)
4(194 851 1877 1608)
4(852 363 1201 1876)
4(852 828 1853 1876)
4(851 250 1841 1877)
4(853 1878 1879 855)
4(674 855 1879 1673)
4(76 1672 1878 853)
4(855 290 1061 1879)
4(853 1878 1062 14)
4(855 854 1880 1879)
4(854 13 1060 1880)
4(142 854 1880 1674)
4(279 1038 1881 857)
4(856 857 1881 1882)
4(4 856 1882 1039)
4(857 316 1113 1881)
4(857 849 1874 1881)
4(856 96 1701 1882)
4(858 1883 1884 860)
4(859 860 1884 1885)
4(208 859 1885 1204)
4(208 1204 1883 858)
4(860 507 1434 1884)
4(858 1883 1431 249)
4(860 738 1753 1884)
4(859 273 1736 1885)
4(856 1882 1886 862)
4(280 862 1886 1040)
4(862 696 1700 1886)
4(862 861 1887 1886)
4(861 141 1699 1887)
4(5 861 1887 1041)
4(286 1052 1888 864)
4(354 864 1888 1188)
4(864 863 1889 1888)
4(10 1051 1889 863)
4(864 562 1512 1888)
4(863 1889 1513 97)
4(829 1855 1890 865)
4(724 865 1890 1735)
4(865 362 1205 1890)
4(865 859 1885 1890)
4(763 1786 1891 867)
4(861 867 1891 1887)
4(867 866 1892 1891)
4(102 1785 1892 866)
4(867 281 1042 1891)
4(866 1892 1043 6)
4(868 1893 1894 870)
4(284 870 1894 1048)
4(8 1047 1893 868)
4(870 681 1680 1894)
4(868 1893 1683 138)
4(870 869 1895 1894)
4(869 119 1679 1895)
4(9 869 1895 1049)
4(871 1896 1897 873)
4(872 873 1897 1898)
4(207 872 1898 1213)
4(207 1213 1896 871)
4(873 520 1451 1897)
4(871 1896 1448 248)
4(873 712 1719 1897)
4(872 271 1480 1898)
4(869 1895 1899 874)
4(285 874 1899 1050)
4(874 687 1689 1899)
4(874 863 1889 1899)
4(505 1435 1900 875)
4(537 875 1900 1479)
4(875 367 1214 1900)
4(875 872 1898 1900)
4(397 1268 1901 877)
4(876 877 1901 1902)
4(211 876 1902 1269)
4(877 453 1358 1901)
4(877 767 1790 1901)
4(876 242 1409 1902)
4(287 1055 1903 880)
4(879 880 1903 1904)
4(11 879 1904 1056)
4(880 317 1114 1903)
4(880 878 1905 1903)
4(878 40 1115 1905)
4(879 98 1775 1904)
4(98 878 1905 1775)
4(881 1906 1907 883)
4(882 883 1907 1908)
4(206 882 1908 1222)
4(206 1222 1906 881)
4(883 490 1414 1907)
4(881 1906 1411 247)
4(883 465 1377 1907)
4(882 269 1369 1908)
4(288 1057 1909 885)
4(884 885 1909 1910)
4(12 884 1910 1058)
4(885 879 1904 1909)
4(885 755 1773 1909)
4(884 103 1772 1910)
4(518 1452 1911 886)
4(457 886 1911 1368)
4(886 372 1223 1911)
4(886 882 1908 1911)
4(839 1864 1912 887)
4(480 887 1912 1404)
4(887 311 1103 1912)
4(887 832 1858 1912)
4(289 1059 1913 888)
4(854 888 1913 1880)
4(888 884 1910 1913)
4(888 752 1771 1913)
4(889 1915 1916 891)
4(890 891 1916 1917)
4(212 890 1917 1914)
4(212 1914 1915 889)
4(891 481 1402 1916)
4(889 1915 1399 162)
4(891 622 1595 1916)
4(890 262 1599 1917)
4(291 1063 1918 893)
4(892 893 1918 1919)
4(15 892 1919 1064)
4(893 853 1878 1918)
4(893 769 1791 1918)
4(892 104 1763 1919)
4(894 1920 1921 896)
4(895 896 1921 1922)
4(205 895 1922 1231)
4(205 1231 1920 894)
4(896 655 1645 1921)
4(894 1920 1648 246)
4(896 440 1339 1921)
4(895 267 1197 1922)
4(897 1923 1924 899)
4(669 899 1924 1665)
4(77 1664 1923 897)
4(899 293 1067 1924)
4(897 1923 1068 17)
4(899 898 1925 1924)
4(898 16 1066 1925)
4(143 898 1925 1666)
4(292 1065 1926 900)
4(898 900 1926 1925)
4(900 892 1919 1926)
4(900 744 1762 1926)
4(488 1415 1927 901)
4(357 901 1927 1196)
4(901 377 1232 1927)
4(901 895 1922 1927)
4(294 1069 1928 903)
4(902 903 1928 1929)
4(18 902 1929 1070)
4(903 897 1923 1928)
4(903 775 1797 1928)
4(902 105 1739 1929)
4(904 1930 1931 906)
4(662 906 1931 1655)
4(78 1565 1930 904)
4(906 296 1073 1931)
4(904 1930 1074 20)
4(906 905 1932 1931)
4(905 19 1072 1932)
4(144 905 1932 1656)
4(295 1071 1933 907)
4(905 907 1933 1932)
4(907 902 1929 1933)
4(907 727 1737 1933)
4(531 1469 1934 909)
4(614 909 1934 1586)
4(909 908 1935 1934)
4(226 1468 1935 908)
4(909 607 1577 1934)
4(908 1935 1580 240)
4(297 1075 1936 911)
4(910 911 1936 1937)
4(21 910 1937 1076)
4(911 904 1930 1936)
4(911 596 1562 1936)
4(910 106 1561 1937)
4(802 1826 1938 913)
4(708 913 1938 1716)
4(913 912 1939 1938)
4(237 1597 1939 912)
4(913 817 1840 1938)
4(912 1939 1837 213)
4(812 1835 1940 915)
4(647 915 1940 1636)
4(915 299 1079 1940)
4(915 914 1941 1940)
4(914 22 1078 1941)
4(145 914 1941 1637)
4(298 1077 1942 916)
4(914 916 1942 1941)
4(916 910 1937 1942)
4(916 720 1728 1942)
4(376 1230 1943 918)
4(894 918 1943 1920)
4(918 664 1654 1943)
4(918 917 1944 1943)
4(917 190 1658 1944)
4(246 917 1944 1648)
4(919 1945 1946 921)
4(652 921 1946 1644)
4(86 1643 1945 919)
4(921 336 1152 1946)
4(919 1945 1151 57)
4(921 920 1947 1946)
4(920 58 1153 1947)
4(156 920 1947 1327)
4(324 1128 1948 924)
4(923 924 1948 1949)
4(46 923 1949 1127)
4(924 325 1130 1948)
4(924 922 1950 1948)
4(922 47 1131 1950)
4(99 922 1950 1389)
4(923 99 1389 1949)
4(371 1221 1951 926)
4(881 926 1951 1906)
4(926 649 1635 1951)
4(926 925 1952 1951)
4(925 191 1639 1952)
4(247 925 1952 1411)
4(729 1741 1953 927)
4(917 927 1953 1944)
4(927 383 1237 1953)
4(927 656 1649 1953)
4(327 1134 1954 930)
4(929 930 1954 1955)
4(48 929 1955 1133)
4(930 928 1956 1954)
4(49 1135 1956 928)
4(930 460 1371 1954)
4(928 1956 1359 94)
4(929 152 1370 1955)
4(593 1559 1957 932)
4(931 932 1957 1958)
4(188 931 1958 1560)
4(932 843 1868 1957)
4(932 821 1846 1957)
4(931 244 1274 1958)
4(335 1150 1959 934)
4(933 934 1959 1960)
4(56 933 1960 1149)
4(934 919 1945 1959)
4(934 666 1659 1959)
4(933 112 1346 1960)
4(922 1950 1961 935)
4(472 935 1961 1387)
4(935 326 1132 1961)
4(935 929 1955 1961)
4(356 1194 1962 936)
4(489 936 1962 1416)
4(936 834 1860 1962)
4(936 463 1375 1962)
4(723 1733 1963 937)
4(830 937 1963 1856)
4(937 798 1820 1963)
4(937 703 1708 1963)
4(938 1964 1965 939)
4(815 939 1965 1838)
4(213 1837 1964 938)
4(939 627 1603 1965)
4(938 1964 1600 126)
4(939 851 1877 1965)
4(334 1148 1966 941)
4(940 941 1966 1967)
4(55 940 1967 1147)
4(941 933 1960 1966)
4(941 442 1343 1966)
4(940 155 1342 1967)
4(715 1724 1968 943)
4(942 943 1968 1969)
4(193 942 1969 1620)
4(943 368 1210 1968)
4(943 504 1432 1968)
4(942 249 1431 1969)
4(329 1138 1970 946)
4(945 946 1970 1971)
4(50 945 1971 1137)
4(946 944 1972 1970)
4(51 1139 1972 944)
4(946 449 1355 1970)
4(944 1972 1252 84)
4(945 153 1354 1971)
4(945 1971 1973 947)
4(328 947 1973 1136)
4(947 452 1360 1973)
4(947 928 1956 1973)
4(948 1974 1975 949)
4(600 949 1975 1569)
4(85 1556 1974 948)
4(949 333 1146 1975)
4(948 1974 1145 54)
4(949 940 1967 1975)
4(536 1478 1976 950)
4(506 950 1976 1437)
4(950 791 1813 1976)
4(950 736 1751 1976)
4(743 1759 1977 952)
4(951 952 1977 1978)
4(189 951 1978 1668)
4(952 388 1246 1977)
4(952 558 1507 1977)
4(951 245 1506 1978)
4(944 1972 1979 954)
4(390 954 1979 1253)
4(954 330 1140 1979)
4(954 953 1980 1979)
4(953 52 1141 1980)
4(154 953 1980 1256)
4(331 1142 1981 956)
4(953 956 1981 1980)
4(956 955 1982 1981)
4(53 1143 1982 955)
4(956 659 1652 1981)
4(955 1982 1552 111)
4(499 1425 1983 957)
4(400 957 1983 1271)
4(957 660 1651 1983)
4(957 931 1958 1983)
4(456 1366 1984 958)
4(519 958 1984 1453)
4(958 819 1844 1984)
4(958 710 1717 1984)
4(381 1239 1985 959)
4(566 959 1985 1517)
4(959 671 1663 1985)
4(959 951 1978 1985)
4(332 1144 1986 960)
4(955 960 1986 1982)
4(960 948 1974 1986)
4(960 591 1553 1986)
4(337 1154 1987 962)
4(920 962 1987 1947)
4(962 961 1988 1987)
4(59 1155 1988 961)
4(962 433 1328 1987)
4(961 1988 1331 113)
4(878 1905 1989 964)
4(756 964 1989 1776)
4(964 318 1116 1989)
4(964 963 1990 1989)
4(963 41 1117 1990)
4(100 963 1990 1777)
4(361 1203 1991 965)
4(858 965 1991 1883)
4(965 635 1616 1991)
4(965 942 1969 1991)
4(338 1156 1992 966)
4(961 966 1992 1988)
4(966 492 1418 1992)
4(966 678 1676 1992)
4(718 1727 1993 968)
4(967 968 1993 1994)
4(192 967 1994 1626)
4(968 373 1219 1993)
4(968 517 1449 1993)
4(967 248 1448 1994)
4(969 1995 1996 971)
4(322 971 1996 1124)
4(45 1125 1995 969)
4(971 468 1383 1996)
4(969 1995 1384 151)
4(971 970 1997 1996)
4(970 101 1382 1997)
4(44 970 1997 1123)
4(972 1999 2000 974)
4(973 974 2000 2001)
4(93 1998 1999 972)
4(93 973 2001 1998)
4(974 321 1122 2000)
4(972 1999 1121 43)
4(974 970 1997 2000)
4(973 101 1382 2001)
4(642 1629 2002 975)
4(620 975 2002 1596)
4(975 938 1964 2002)
4(975 912 1939 2002)
4(721 1730 2003 976)
4(925 976 2003 1952)
4(976 378 1228 2003)
4(976 487 1412 2003)
4(366 1212 2004 977)
4(871 977 2004 1896)
4(977 639 1622 2004)
4(977 967 1994 2004)
4(471 1388 2005 978)
4(923 978 2005 1949)
4(978 969 1995 2005)
4(978 323 1126 2005)
4(549 1496 2006 982)
4(981 982 2006 2007)
4(224 981 2007 1497)
4(982 979 2008 2006)
4(178 1495 2008 979)
4(982 980 2010 2006)
4(980 134 2009 2010)
4(979 2008 2009 134)
4(263 980 2010 2011)
4(981 263 2011 2007)
4(319 1118 2012 985)
4(963 985 2012 1990)
4(985 983 2013 2012)
4(42 1119 2013 983)
4(985 984 2015 2012)
4(983 2013 2014 139)
4(984 139 2014 2015)
4(100 984 2015 1777)
4(986 2016 2017 987)
4(972 987 2017 1999)
4(93 1998 2016 986)
4(987 983 2013 2017)
4(986 2016 2014 139)
4(987 320 1120 2017)
4(980 2010 2018 990)
4(989 990 2018 2019)
4(263 989 2019 2011)
4(990 988 2020 2018)
4(134 2009 2020 988)
4(990 398 1264 2018)
4(988 2020 1261 165)
4(989 211 1269 2019)
4(991 2022 2023 995)
4(994 995 2023 2024)
4(238 994 2024 2021)
4(238 2021 2022 991)
4(995 992 2026 2023)
4(991 2022 2025 210)
4(210 2025 2026 992)
4(995 993 2028 2023)
4(993 225 2027 2028)
4(992 2026 2027 225)
4(994 239 2029 2024)
4(239 993 2028 2029)
4(988 2020 2030 997)
4(467 997 2030 1380)
4(997 996 2031 2030)
4(134 2009 2031 996)
4(997 973 2001 2030)
4(996 2031 1998 93)
4(550 1492 2032 999)
4(676 999 2032 1671)
4(999 998 2033 2032)
4(224 1497 2033 998)
4(999 386 1248 2032)
4(998 2033 1249 202)
4(1000 2034 2035 1002)
4(803 1002 2035 1825)
4(278 1551 2034 1000)
4(1002 1001 2037 2035)
4(1000 2034 2036 265)
4(265 2036 2037 1001)
4(1002 890 1917 2035)
4(1001 2037 1914 212)
4(1003 2038 2039 1004)
4(809 1004 2039 1833)
4(203 1582 2038 1003)
4(1004 1000 2034 2039)
4(1003 2038 2036 265)
4(1004 588 1550 2039)
4(283 1046 2040 1007)
4(868 1007 2040 1893)
4(1007 1005 2041 2040)
4(7 1045 2041 1005)
4(1007 1006 2043 2040)
4(1005 2041 2042 92)
4(1006 92 2042 2043)
4(138 1006 2043 1683)
4(1008 2044 2045 1010)
4(889 1010 2045 1915)
4(212 1914 2044 1008)
4(1010 1009 2046 2045)
4(1008 2044 2029 239)
4(239 2029 2046 1009)
4(1010 748 1765 2045)
4(1009 2046 1742 179)
4(1008 2044 2047 1012)
4(994 1012 2047 2024)
4(1012 1001 2037 2047)
4(1012 1011 2048 2047)
4(1011 265 2036 2048)
4(238 1011 2048 2021)
4(1013 2049 2050 1016)
4(530 1016 2050 1465)
4(181 1464 2049 1013)
4(1016 1014 2052 2050)
4(1013 2049 2051 135)
4(135 2051 2052 1014)
4(1016 1015 2053 2050)
4(1015 210 2025 2053)
4(1014 2052 2025 210)
4(226 1015 2053 1468)
4(1017 2054 2055 1018)
4(608 1018 2055 1581)
4(240 1580 2054 1017)
4(1018 1011 2048 2055)
4(1017 2054 2021 238)
4(1018 1003 2038 2055)
4(1005 2041 2056 1020)
4(1019 1020 2056 2057)
4(92 1019 2057 2042)
4(1020 282 1044 2056)
4(1020 866 1892 2056)
4(1019 102 1785 2057)
4(1015 2053 2058 1021)
4(908 1021 2058 1935)
4(1021 991 2022 2058)
4(1021 1017 2054 2058)
4(1022 2059 2060 1023)
4(1006 1023 2060 2043)
4(92 2042 2059 1022)
4(1023 1013 2049 2060)
4(1022 2059 2051 135)
4(1023 682 1684 2060)
4(1019 2057 2061 1025)
4(1022 1025 2061 2059)
4(1025 762 1784 2061)
4(1025 1024 2062 2061)
4(1024 164 1783 2062)
4(135 1024 2062 2051)
4(1026 2063 2064 1027)
4(993 1027 2064 2028)
4(225 2027 2063 1026)
4(1027 731 1743 2064)
4(1026 2063 1746 180)
4(1027 1009 2046 2064)
4(989 2019 2065 1029)
4(1028 1029 2065 2066)
4(263 1028 2066 2011)
4(1029 876 1902 2065)
4(1029 483 1406 2065)
4(1028 241 1405 2066)
4(1030 2067 2068 1031)
4(979 1031 2068 2008)
4(178 1495 2067 1030)
4(1031 986 2016 2068)
4(1030 2067 2014 139)
4(1031 996 2031 2068)
4(777 1800 2069 1032)
4(1028 1032 2069 2066)
4(1032 998 2033 2069)
4(1032 981 2007 2069)
4(1030 2067 2070 1033)
4(984 1033 2070 2015)
4(1033 548 1494 2070)
4(1033 757 1778 2070)
4(1034 2071 2072 1035)
4(1026 1035 2072 2063)
4(225 2027 2071 1034)
4(1035 761 1781 2072)
4(1034 2071 1783 164)
4(1035 741 1757 2072)
4(1024 2062 2073 1036)
4(1014 1036 2073 2052)
4(1036 1034 2071 2073)
4(1036 992 2026 2073)
4(220 355 359 358)
4(355 215 356 359)
4(359 356 257 357)
4(358 359 357 267)
4(171 360 364 363)
4(360 125 361 364)
4(364 361 208 362)
4(363 364 362 234)
4(170 365 369 368)
4(365 124 366 369)
4(369 366 207 367)
4(368 369 367 233)
4(169 370 374 373)
4(370 123 371 374)
4(374 371 206 372)
4(373 374 372 232)
4(168 375 379 378)
4(375 122 376 379)
4(379 376 205 377)
4(378 379 377 231)
4(167 380 384 383)
4(380 121 381 384)
4(384 381 204 382)
4(383 384 382 230)
4(166 385 389 388)
4(385 120 386 389)
4(389 386 202 387)
4(388 389 387 228)
4(84 390 394 393)
4(390 154 391 394)
4(394 391 163 392)
4(393 394 392 186)
4(165 395 399 398)
4(395 183 396 399)
4(399 396 182 397)
4(398 399 397 211)
4(219 400 404 403)
4(400 244 401 404)
4(404 401 256 402)
4(403 404 402 277)
4(177 405 409 408)
4(405 200 406 409)
4(409 406 160 407)
4(408 409 407 117)
4(264 410 413 412)
4(410 236 411 413)
4(413 411 219 403)
4(412 413 403 277)
4(159 414 418 417)
4(414 116 415 418)
4(418 415 176 416)
4(417 418 416 199)
4(158 419 423 422)
4(419 115 420 423)
4(423 420 175 421)
4(422 423 421 198)
4(157 424 428 427)
4(424 114 425 428)
4(428 425 174 426)
4(427 428 426 197)
4(172 429 432 431)
4(429 129 430 432)
4(432 430 215 355)
4(431 432 355 220)
4(156 433 437 436)
4(433 113 434 437)
4(437 434 173 435)
4(436 437 435 196)
4(266 438 441 440)
4(438 251 439 441)
4(441 439 220 358)
4(440 441 358 267)
4(155 442 446 445)
4(442 112 443 446)
4(446 443 172 444)
4(445 446 444 195)
4(186 447 450 393)
4(447 227 448 450)
4(450 448 153 449)
4(393 450 449 84)
4(182 451 454 453)
4(451 94 452 454)
4(454 452 153 448)
4(453 454 448 227)
4(221 455 459 458)
4(455 216 456 459)
4(459 456 258 457)
4(458 459 457 269)
4(152 460 462 461)
4(460 94 451 462)
4(462 451 182 396)
4(461 462 396 183)
4(268 463 466 465)
4(463 252 464 466)
4(466 464 221 458)
4(465 466 458 269)
4(165 467 470 395)
4(467 101 468 470)
4(470 468 151 469)
4(395 470 469 183)
4(152 461 473 472)
4(461 183 469 473)
4(473 469 151 471)
4(472 473 471 99)
4(149 474 478 477)
4(474 110 475 478)
4(478 475 187 476)
4(477 478 476 229)
4(162 479 482 481)
4(479 83 480 482)
4(482 480 149 477)
4(481 482 477 229)
4(241 483 486 485)
4(483 242 484 486)
4(486 484 236 410)
4(485 486 410 264)
4(247 487 491 490)
4(487 231 488 491)
4(491 488 257 489)
4(490 491 489 268)
4(87 492 495 494)
4(492 60 339 495)
4(495 339 61 493)
4(494 495 493 157)
4(61 340 497 493)
4(340 62 496 497)
4(497 496 114 424)
4(493 497 424 157)
4(219 411 500 499)
4(411 236 498 500)
4(500 498 186 392)
4(499 500 392 163)
4(62 341 503 496)
4(341 63 501 503)
4(503 501 88 502)
4(496 503 502 114)
4(249 504 508 507)
4(504 233 505 508)
4(508 505 259 506)
4(507 508 506 272)
4(88 501 511 510)
4(501 63 342 511)
4(511 342 64 509)
4(510 511 509 158)
4(64 343 513 509)
4(343 65 512 513)
4(513 512 115 419)
4(509 513 419 158)
4(65 344 516 512)
4(344 66 514 516)
4(516 514 89 515)
4(512 516 515 115)
4(248 517 521 520)
4(517 232 518 521)
4(521 518 258 519)
4(520 521 519 270)
4(89 514 524 523)
4(514 66 345 524)
4(524 345 67 522)
4(523 524 522 159)
4(67 346 526 522)
4(346 68 525 526)
4(526 525 116 414)
4(522 526 414 159)
4(68 347 529 525)
4(347 69 527 529)
4(529 527 90 528)
4(525 529 528 116)
4(181 530 534 533)
4(530 226 531 534)
4(534 531 201 532)
4(533 534 532 137)
4(222 535 539 538)
4(535 217 536 539)
4(539 536 259 537)
4(538 539 537 271)
4(90 527 542 541)
4(527 69 348 542)
4(542 348 70 540)
4(541 542 540 160)
4(71 350 546 545)
4(350 72 543 546)
4(546 543 91 544)
4(545 546 544 117)
4(184 547 551 550)
4(547 136 548 551)
4(551 548 178 549)
4(550 551 549 224)
4(91 543 554 553)
4(543 72 351 554)
4(554 351 73 552)
4(553 554 552 161)
4(73 352 557 552)
4(352 74 555 557)
4(557 555 118 556)
4(552 557 556 161)
4(245 558 561 560)
4(558 228 559 561)
4(561 559 264 412)
4(560 561 412 277)
4(74 353 564 555)
4(353 75 562 564)
4(564 562 97 563)
4(555 564 563 118)
4(256 565 567 402)
4(565 204 566 567)
4(567 566 245 560)
4(402 567 560 277)
4(176 568 572 571)
4(568 133 569 572)
4(572 569 209 570)
4(571 572 570 235)
4(175 573 577 576)
4(573 132 574 577)
4(577 574 218 575)
4(576 577 575 223)
4(174 578 581 580)
4(578 131 579 581)
4(581 579 217 535)
4(580 581 535 222)
4(173 582 585 584)
4(582 130 583 585)
4(585 583 216 455)
4(584 585 455 221)
4(261 586 590 589)
4(586 209 587 590)
4(590 587 243 588)
4(589 590 588 278)
4(111 591 595 594)
4(591 85 592 595)
4(595 592 128 593)
4(594 595 593 188)
4(106 596 599 598)
4(596 78 597 599)
4(599 597 122 375)
4(598 599 375 168)
4(128 592 602 601)
4(592 85 600 602)
4(602 600 155 445)
4(601 602 445 195)
4(107 603 606 605)
4(603 79 604 606)
4(606 604 123 370)
4(605 606 370 169)
4(127 607 611 610)
4(607 240 608 611)
4(611 608 203 609)
4(610 611 609 177)
4(127 612 615 614)
4(612 91 553 615)
4(615 553 161 613)
4(614 615 613 201)
4(108 616 619 618)
4(616 80 617 619)
4(619 617 124 365)
4(618 619 365 170)
4(229 476 623 622)
4(476 187 620 623)
4(623 620 237 621)
4(622 623 621 262)
4(126 624 628 627)
4(624 82 625 628)
4(628 625 148 626)
4(627 628 626 194)
4(109 629 632 631)
4(629 81 630 632)
4(632 630 125 360)
4(631 632 360 171)
4(125 630 636 635)
4(630 81 633 636)
4(636 633 147 634)
4(635 636 634 193)
4(124 617 640 639)
4(617 80 637 640)
4(640 637 146 638)
4(639 640 638 192)
4(110 641 643 475)
4(641 82 624 643)
4(643 624 126 642)
4(475 643 642 187)
4(230 382 646 645)
4(382 204 565 646)
4(646 565 256 644)
4(645 646 644 276)
4(123 604 650 649)
4(604 79 647 650)
4(650 647 145 648)
4(649 650 648 191)
4(129 651 654 653)
4(651 86 652 654)
4(654 652 156 436)
4(653 654 436 196)
4(266 655 658 657)
4(655 246 656 658)
4(658 656 230 645)
4(657 658 645 276)
4(163 391 661 660)
4(391 154 659 661)
4(661 659 111 594)
4(660 661 594 188)
4(122 597 665 664)
4(597 78 662 665)
4(665 662 144 663)
4(664 665 663 190)
4(112 666 667 443)
4(666 86 651 667)
4(667 651 129 429)
4(443 667 429 172)
4(121 668 672 671)
4(668 77 669 672)
4(672 669 143 670)
4(671 672 670 189)
4(120 673 677 676)
4(673 76 674 677)
4(677 674 142 675)
4(676 677 675 184)
4(113 678 680 434)
4(678 87 679 680)
4(680 679 130 582)
4(434 680 582 173)
4(119 681 684 683)
4(681 138 682 684)
4(684 682 181 533)
4(683 684 533 137)
4(114 502 686 425)
4(502 88 685 686)
4(686 685 131 578)
4(425 686 578 174)
4(118 563 689 688)
4(563 97 687 689)
4(689 687 119 683)
4(688 689 683 137)
4(115 515 691 420)
4(515 89 690 691)
4(691 690 132 573)
4(420 691 573 175)
4(117 544 692 408)
4(544 91 612 692)
4(692 612 127 610)
4(408 692 610 177)
4(116 528 694 415)
4(528 90 693 694)
4(694 693 133 568)
4(415 694 568 176)
4(185 695 699 698)
4(695 141 696 699)
4(699 696 96 697)
4(698 699 697 150)
4(148 700 702 626)
4(700 109 631 702)
4(702 631 171 701)
4(626 702 701 194)
4(274 703 707 706)
4(703 255 704 707)
4(707 704 235 705)
4(706 707 705 275)
4(235 570 709 705)
4(570 209 586 709)
4(709 586 261 708)
4(705 709 708 275)
4(270 710 713 712)
4(710 253 711 713)
4(713 711 222 538)
4(712 713 538 271)
4(147 714 716 634)
4(714 108 618 716)
4(716 618 170 715)
4(634 716 715 193)
4(146 717 719 638)
4(717 107 605 719)
4(719 605 169 718)
4(638 719 718 192)
4(145 720 722 648)
4(720 106 598 722)
4(722 598 168 721)
4(648 722 721 191)
4(223 575 726 725)
4(575 218 723 726)
4(726 723 260 724)
4(725 726 724 273)
4(144 727 730 663)
4(727 105 728 730)
4(730 728 167 729)
4(663 730 729 190)
4(179 731 735 734)
4(731 180 732 735)
4(735 732 95 733)
4(734 735 733 140)
4(272 736 739 738)
4(736 254 737 739)
4(739 737 223 725)
4(738 739 725 273)
4(185 698 742 741)
4(698 150 740 742)
4(742 740 95 732)
4(741 742 732 180)
4(166 743 746 745)
4(743 189 670 746)
4(746 670 143 744)
4(745 746 744 104)
4(70 349 747 540)
4(349 71 545 747)
4(747 545 117 407)
4(540 747 407 160)
4(162 748 750 479)
4(748 179 734 750)
4(750 734 140 749)
4(479 750 749 83)
4(161 556 751 613)
4(556 118 688 751)
4(751 688 137 532)
4(613 751 532 201)
4(136 547 754 753)
4(547 184 675 754)
4(754 675 142 752)
4(753 754 752 103)
4(103 755 758 753)
4(755 98 756 758)
4(758 756 100 757)
4(753 758 757 136)
4(133 693 760 759)
4(693 90 541 760)
4(760 541 160 406)
4(759 760 406 200)
4(185 761 764 695)
4(761 164 762 764)
4(764 762 102 763)
4(695 764 763 141)
4(132 690 766 765)
4(690 89 523 766)
4(766 523 159 417)
4(765 766 417 199)
4(227 447 768 767)
4(447 186 498 768)
4(768 498 236 484)
4(767 768 484 242)
4(104 769 770 745)
4(769 76 673 770)
4(770 673 120 385)
4(745 770 385 166)
4(131 685 772 771)
4(685 88 510 772)
4(772 510 158 422)
4(771 772 422 198)
4(130 679 774 773)
4(679 87 494 774)
4(774 494 157 427)
4(773 774 427 197)
4(105 775 776 728)
4(775 77 668 776)
4(776 668 121 380)
4(728 776 380 167)
4(228 387 778 559)
4(387 202 777 778)
4(778 777 241 485)
4(559 778 485 264)
4(27 303 781 780)
4(303 26 779 781)
4(781 779 80 616)
4(780 781 616 108)
4(82 782 784 625)
4(782 32 308 784)
4(784 308 31 783)
4(625 784 783 148)
4(197 426 786 785)
4(426 174 580 786)
4(786 580 222 711)
4(785 786 711 253)
4(30 306 789 788)
4(306 29 787 789)
4(789 787 81 629)
4(788 789 629 109)
4(217 579 792 791)
4(579 131 771 792)
4(792 771 198 790)
4(791 792 790 254)
4(198 421 793 790)
4(421 175 576 793)
4(793 576 223 737)
4(790 793 737 254)
4(28 304 795 794)
4(304 27 780 795)
4(795 780 108 714)
4(794 795 714 147)
4(81 787 796 633)
4(787 29 305 796)
4(796 305 28 794)
4(633 796 794 147)
4(218 574 799 798)
4(574 132 765 799)
4(799 765 199 797)
4(798 799 797 255)
4(31 307 800 783)
4(307 30 788 800)
4(800 788 109 700)
4(783 800 700 148)
4(199 416 801 797)
4(416 176 571 801)
4(801 571 235 704)
4(797 801 704 255)
4(262 621 804 803)
4(621 237 802 804)
4(804 802 261 589)
4(803 804 589 278)
4(25 301 807 806)
4(301 24 805 807)
4(807 805 107 717)
4(806 807 717 146)
4(80 779 808 637)
4(779 26 302 808)
4(808 302 25 806)
4(637 808 806 146)
4(200 405 811 810)
4(405 177 609 811)
4(811 609 203 809)
4(810 811 809 243)
4(24 300 813 805)
4(300 23 812 813)
4(813 812 79 603)
4(805 813 603 107)
4(209 569 814 587)
4(569 133 759 814)
4(814 759 200 810)
4(587 814 810 243)
4(213 815 818 817)
4(815 250 816 818)
4(818 816 274 706)
4(817 818 706 275)
4(216 583 820 819)
4(583 130 773 820)
4(820 773 197 785)
4(819 820 785 253)
4(256 401 823 644)
4(401 244 821 823)
4(823 821 214 822)
4(644 823 822 276)
4(33 309 825 824)
4(309 32 782 825)
4(825 782 82 641)
4(824 825 641 110)
4(196 435 827 826)
4(435 173 584 827)
4(827 584 221 464)
4(826 827 464 252)
4(250 828 831 816)
4(828 234 829 831)
4(831 829 260 830)
4(816 831 830 274)
4(34 310 833 832)
4(310 33 824 833)
4(833 824 110 474)
4(832 833 474 149)
4(215 430 835 834)
4(430 129 653 835)
4(835 653 196 826)
4(834 835 826 252)
4(214 836 837 822)
4(836 251 438 837)
4(837 438 266 657)
4(822 837 657 276)
4(83 749 840 839)
4(749 140 838 840)
4(840 838 36 312)
4(839 840 312 35)
4(195 444 842 841)
4(444 172 431 842)
4(842 431 220 439)
4(841 842 439 251)
4(214 843 844 836)
4(843 128 601 844)
4(844 601 195 841)
4(836 844 841 251)
4(140 733 846 838)
4(733 95 845 846)
4(846 845 37 313)
4(838 846 313 36)
4(38 314 848 847)
4(314 37 845 848)
4(848 845 95 740)
4(847 848 740 150)
4(96 849 850 697)
4(849 39 315 850)
4(850 315 38 847)
4(697 850 847 150)
4(194 701 852 851)
4(701 171 363 852)
4(852 363 234 828)
4(851 852 828 250)
4(76 853 855 674)
4(853 14 290 855)
4(855 290 13 854)
4(674 855 854 142)
4(4 279 857 856)
4(279 0 316 857)
4(857 316 39 849)
4(856 857 849 96)
4(208 858 860 859)
4(858 249 507 860)
4(860 507 272 738)
4(859 860 738 273)
4(4 856 862 280)
4(856 96 696 862)
4(862 696 141 861)
4(280 862 861 5)
4(1 286 864 354)
4(286 10 863 864)
4(864 863 97 562)
4(354 864 562 75)
4(260 829 865 724)
4(829 234 362 865)
4(865 362 208 859)
4(724 865 859 273)
4(141 763 867 861)
4(763 102 866 867)
4(867 866 6 281)
4(861 867 281 5)
4(8 868 870 284)
4(868 138 681 870)
4(870 681 119 869)
4(284 870 869 9)
4(207 871 873 872)
4(871 248 520 873)
4(873 520 270 712)
4(872 873 712 271)
4(9 869 874 285)
4(869 119 687 874)
4(874 687 97 863)
4(285 874 863 10)
4(259 505 875 537)
4(505 233 367 875)
4(875 367 207 872)
4(537 875 872 271)
4(211 397 877 876)
4(397 182 453 877)
4(877 453 227 767)
4(876 877 767 242)
4(11 287 880 879)
4(287 2 317 880)
4(880 317 40 878)
4(879 880 878 98)
4(206 881 883 882)
4(881 247 490 883)
4(883 490 268 465)
4(882 883 465 269)
4(12 288 885 884)
4(288 11 879 885)
4(885 879 98 755)
4(884 885 755 103)
4(258 518 886 457)
4(518 232 372 886)
4(886 372 206 882)
4(457 886 882 269)
4(83 839 887 480)
4(839 35 311 887)
4(887 311 34 832)
4(480 887 832 149)
4(13 289 888 854)
4(289 12 884 888)
4(888 884 103 752)
4(854 888 752 142)
4(212 889 891 890)
4(889 162 481 891)
4(891 481 229 622)
4(890 891 622 262)
4(15 291 893 892)
4(291 14 853 893)
4(893 853 76 769)
4(892 893 769 104)
4(205 894 896 895)
4(894 246 655 896)
4(896 655 266 440)
4(895 896 440 267)
4(77 897 899 669)
4(897 17 293 899)
4(899 293 16 898)
4(669 899 898 143)
4(16 292 900 898)
4(292 15 892 900)
4(900 892 104 744)
4(898 900 744 143)
4(257 488 901 357)
4(488 231 377 901)
4(901 377 205 895)
4(357 901 895 267)
4(18 294 903 902)
4(294 17 897 903)
4(903 897 77 775)
4(902 903 775 105)
4(78 904 906 662)
4(904 20 296 906)
4(906 296 19 905)
4(662 906 905 144)
4(19 295 907 905)
4(295 18 902 907)
4(907 902 105 727)
4(905 907 727 144)
4(201 531 909 614)
4(531 226 908 909)
4(909 908 240 607)
4(614 909 607 127)
4(21 297 911 910)
4(297 20 904 911)
4(911 904 78 596)
4(910 911 596 106)
4(261 802 913 708)
4(802 237 912 913)
4(913 912 213 817)
4(708 913 817 275)
4(79 812 915 647)
4(812 23 299 915)
4(915 299 22 914)
4(647 915 914 145)
4(22 298 916 914)
4(298 21 910 916)
4(916 910 106 720)
4(914 916 720 145)
4(205 376 918 894)
4(376 122 664 918)
4(918 664 190 917)
4(894 918 917 246)
4(86 919 921 652)
4(919 57 336 921)
4(921 336 58 920)
4(652 921 920 156)
4(46 324 924 923)
4(324 3 325 924)
4(924 325 47 922)
4(923 924 922 99)
4(206 371 926 881)
4(371 123 649 926)
4(926 649 191 925)
4(881 926 925 247)
4(190 729 927 917)
4(729 167 383 927)
4(927 383 230 656)
4(917 927 656 246)
4(48 327 930 929)
4(327 49 928 930)
4(930 928 94 460)
4(929 930 460 152)
4(188 593 932 931)
4(593 128 843 932)
4(932 843 214 821)
4(931 932 821 244)
4(56 335 934 933)
4(335 57 919 934)
4(934 919 86 666)
4(933 934 666 112)
4(99 922 935 472)
4(922 47 326 935)
4(935 326 48 929)
4(472 935 929 152)
4(257 356 936 489)
4(356 215 834 936)
4(936 834 252 463)
4(489 936 463 268)
4(260 723 937 830)
4(723 218 798 937)
4(937 798 255 703)
4(830 937 703 274)
4(213 938 939 815)
4(938 126 627 939)
4(939 627 194 851)
4(815 939 851 250)
4(55 334 941 940)
4(334 56 933 941)
4(941 933 112 442)
4(940 941 442 155)
4(193 715 943 942)
4(715 170 368 943)
4(943 368 233 504)
4(942 943 504 249)
4(50 329 946 945)
4(329 51 944 946)
4(946 944 84 449)
4(945 946 449 153)
4(50 945 947 328)
4(945 153 452 947)
4(947 452 94 928)
4(328 947 928 49)
4(85 948 949 600)
4(948 54 333 949)
4(949 333 55 940)
4(600 949 940 155)
4(259 536 950 506)
4(536 217 791 950)
4(950 791 254 736)
4(506 950 736 272)
4(189 743 952 951)
4(743 166 388 952)
4(952 388 228 558)
4(951 952 558 245)
4(84 944 954 390)
4(944 51 330 954)
4(954 330 52 953)
4(390 954 953 154)
4(52 331 956 953)
4(331 53 955 956)
4(956 955 111 659)
4(953 956 659 154)
4(219 499 957 400)
4(499 163 660 957)
4(957 660 188 931)
4(400 957 931 244)
4(258 456 958 519)
4(456 216 819 958)
4(958 819 253 710)
4(519 958 710 270)
4(204 381 959 566)
4(381 121 671 959)
4(959 671 189 951)
4(566 959 951 245)
4(53 332 960 955)
4(332 54 948 960)
4(960 948 85 591)
4(955 960 591 111)
4(58 337 962 920)
4(337 59 961 962)
4(962 961 113 433)
4(920 962 433 156)
4(98 878 964 756)
4(878 40 318 964)
4(964 318 41 963)
4(756 964 963 100)
4(208 361 965 858)
4(361 125 635 965)
4(965 635 193 942)
4(858 965 942 249)
4(59 338 966 961)
4(338 60 492 966)
4(966 492 87 678)
4(961 966 678 113)
4(192 718 968 967)
4(718 169 373 968)
4(968 373 232 517)
4(967 968 517 248)
4(45 969 971 322)
4(969 151 468 971)
4(971 468 101 970)
4(322 971 970 44)
4(93 972 974 973)
4(972 43 321 974)
4(974 321 44 970)
4(973 974 970 101)
4(187 642 975 620)
4(642 126 938 975)
4(975 938 213 912)
4(620 975 912 237)
4(191 721 976 925)
4(721 168 378 976)
4(976 378 231 487)
4(925 976 487 247)
4(207 366 977 871)
4(366 124 639 977)
4(977 639 192 967)
4(871 977 967 248)
4(99 471 978 923)
4(471 151 969 978)
4(978 969 45 323)
4(923 978 323 46)
4(224 549 982 981)
4(549 178 979 982)
4(982 979 134 980)
4(981 982 980 263)
4(41 319 985 963)
4(319 42 983 985)
4(985 983 139 984)
4(963 985 984 100)
4(93 986 987 972)
4(986 139 983 987)
4(987 983 42 320)
4(972 987 320 43)
4(263 980 990 989)
4(980 134 988 990)
4(990 988 165 398)
4(989 990 398 211)
4(238 991 995 994)
4(991 210 992 995)
4(995 992 225 993)
4(994 995 993 239)
4(165 988 997 467)
4(988 134 996 997)
4(997 996 93 973)
4(467 997 973 101)
4(184 550 999 676)
4(550 224 998 999)
4(999 998 202 386)
4(676 999 386 120)
4(278 1000 1002 803)
4(1000 265 1001 1002)
4(1002 1001 212 890)
4(803 1002 890 262)
4(203 1003 1004 809)
4(1003 265 1000 1004)
4(1004 1000 278 588)
4(809 1004 588 243)
4(8 283 1007 868)
4(283 7 1005 1007)
4(1007 1005 92 1006)
4(868 1007 1006 138)
4(212 1008 1010 889)
4(1008 239 1009 1010)
4(1010 1009 179 748)
4(889 1010 748 162)
4(239 1008 1012 994)
4(1008 212 1001 1012)
4(1012 1001 265 1011)
4(994 1012 1011 238)
4(181 1013 1016 530)
4(1013 135 1014 1016)
4(1016 1014 210 1015)
4(530 1016 1015 226)
4(240 1017 1018 608)
4(1017 238 1011 1018)
4(1018 1011 265 1003)
4(608 1018 1003 203)
4(92 1005 1020 1019)
4(1005 7 282 1020)
4(1020 282 6 866)
4(1019 1020 866 102)
4(226 1015 1021 908)
4(1015 210 991 1021)
4(1021 991 238 1017)
4(908 1021 1017 240)
4(92 1022 1023 1006)
4(1022 135 1013 1023)
4(1023 1013 181 682)
4(1006 1023 682 138)
4(92 1019 1025 1022)
4(1019 102 762 1025)
4(1025 762 164 1024)
4(1022 1025 1024 135)
4(225 1026 1027 993)
4(1026 180 731 1027)
4(1027 731 179 1009)
4(993 1027 1009 239)
4(263 989 1029 1028)
4(989 211 876 1029)
4(1029 876 242 483)
4(1028 1029 483 241)
4(178 1030 1031 979)
4(1030 139 986 1031)
4(1031 986 93 996)
4(979 1031 996 134)
4(241 777 1032 1028)
4(777 202 998 1032)
4(1032 998 224 981)
4(1028 1032 981 263)
4(139 1030 1033 984)
4(1030 178 548 1033)
4(1033 548 136 757)
4(984 1033 757 100)
4(225 1034 1035 1026)
4(1034 164 761 1035)
4(1035 761 185 741)
4(1026 1035 741 180)
4(135 1024 1036 1014)
4(1024 164 1034 1036)
4(1036 1034 225 992)
4(1014 1036 992 210)
4(1189 1192 1191 1190)
4(1190 1191 1194 1193)
4(1191 1196 1195 1194)
4(1192 1197 1196 1191)
4(1198 1201 1200 1199)
4(1199 1200 1203 1202)
4(1200 1205 1204 1203)
4(1201 1206 1205 1200)
4(1207 1210 1209 1208)
4(1208 1209 1212 1211)
4(1209 1214 1213 1212)
4(1210 1215 1214 1209)
4(1216 1219 1218 1217)
4(1217 1218 1221 1220)
4(1218 1223 1222 1221)
4(1219 1224 1223 1218)
4(1225 1228 1227 1226)
4(1226 1227 1230 1229)
4(1227 1232 1231 1230)
4(1228 1233 1232 1227)
4(1234 1237 1236 1235)
4(1235 1236 1239 1238)
4(1236 1241 1240 1239)
4(1237 1242 1241 1236)
4(1243 1246 1245 1244)
4(1244 1245 1248 1247)
4(1245 1250 1249 1248)
4(1246 1251 1250 1245)
4(1252 1255 1254 1253)
4(1253 1254 1257 1256)
4(1254 1259 1258 1257)
4(1255 1260 1259 1254)
4(1261 1264 1263 1262)
4(1262 1263 1266 1265)
4(1263 1268 1267 1266)
4(1264 1269 1268 1263)
4(1270 1273 1272 1271)
4(1271 1272 1275 1274)
4(1272 1277 1276 1275)
4(1273 1278 1277 1272)
4(1279 1282 1281 1280)
4(1280 1281 1284 1283)
4(1281 1286 1285 1284)
4(1282 1287 1286 1281)
4(1288 1291 1290 1289)
4(1289 1290 1293 1292)
4(1290 1273 1270 1293)
4(1291 1278 1273 1290)
4(1294 1297 1296 1295)
4(1295 1296 1299 1298)
4(1296 1301 1300 1299)
4(1297 1302 1301 1296)
4(1303 1306 1305 1304)
4(1304 1305 1308 1307)
4(1305 1310 1309 1308)
4(1306 1311 1310 1305)
4(1312 1315 1314 1313)
4(1313 1314 1317 1316)
4(1314 1319 1318 1317)
4(1315 1320 1319 1314)
4(1321 1324 1323 1322)
4(1322 1323 1326 1325)
4(1323 1190 1193 1326)
4(1324 1189 1190 1323)
4(1327 1330 1329 1328)
4(1328 1329 1332 1331)
4(1329 1334 1333 1332)
4(1330 1335 1334 1329)
4(1336 1339 1338 1337)
4(1337 1338 1341 1340)
4(1338 1192 1189 1341)
4(1339 1197 1192 1338)
4(1342 1345 1344 1343)
4(1343 1344 1347 1346)
4(1344 1348 1321 1347)
4(1345 1349 1348 1344)
4(1260 1255 1351 1350)
4(1350 1351 1353 1352)
4(1351 1355 1354 1353)
4(1255 1252 1355 1351)
4(1267 1358 1357 1356)
4(1356 1357 1360 1359)
4(1357 1353 1354 1360)
4(1358 1352 1353 1357)
4(1361 1364 1363 1362)
4(1362 1363 1366 1365)
4(1363 1368 1367 1366)
4(1364 1369 1368 1363)
4(1370 1373 1372 1371)
4(1371 1372 1356 1359)
4(1372 1266 1267 1356)
4(1373 1265 1266 1372)
4(1374 1377 1376 1375)
4(1375 1376 1379 1378)
4(1376 1364 1361 1379)
4(1377 1369 1364 1376)
4(1261 1262 1381 1380)
4(1380 1381 1383 1382)
4(1381 1385 1384 1383)
4(1262 1265 1385 1381)
4(1370 1387 1386 1373)
4(1373 1386 1385 1265)
4(1386 1388 1384 1385)
4(1387 1389 1388 1386)
4(1390 1393 1392 1391)
4(1391 1392 1395 1394)
4(1392 1397 1396 1395)
4(1393 1398 1397 1392)
4(1399 1402 1401 1400)
4(1400 1401 1404 1403)
4(1401 1393 1390 1404)
4(1402 1398 1393 1401)
4(1405 1408 1407 1406)
4(1406 1407 1410 1409)
4(1407 1289 1292 1410)
4(1408 1288 1289 1407)
4(1411 1414 1413 1412)
4(1412 1413 1415 1233)
4(1413 1416 1195 1415)
4(1414 1374 1416 1413)
4(1417 1420 1419 1418)
4(1418 1419 1158 1157)
4(1419 1421 1159 1158)
4(1420 1312 1421 1419)
4(1159 1421 1422 1160)
4(1160 1422 1423 1161)
4(1422 1313 1316 1423)
4(1421 1312 1313 1422)
4(1270 1425 1424 1293)
4(1293 1424 1426 1292)
4(1424 1259 1260 1426)
4(1425 1258 1259 1424)
4(1161 1423 1427 1162)
4(1162 1427 1428 1163)
4(1427 1430 1429 1428)
4(1423 1316 1430 1427)
4(1431 1434 1433 1432)
4(1432 1433 1435 1215)
4(1433 1437 1436 1435)
4(1434 1438 1437 1433)
4(1429 1440 1439 1428)
4(1428 1439 1164 1163)
4(1439 1441 1165 1164)
4(1440 1303 1441 1439)
4(1165 1441 1442 1166)
4(1166 1442 1443 1167)
4(1442 1304 1307 1443)
4(1441 1303 1304 1442)
4(1167 1443 1444 1168)
4(1168 1444 1445 1169)
4(1444 1447 1446 1445)
4(1443 1307 1447 1444)
4(1448 1451 1450 1449)
4(1449 1450 1452 1224)
4(1450 1453 1367 1452)
4(1451 1454 1453 1450)
4(1446 1456 1455 1445)
4(1445 1455 1170 1169)
4(1455 1457 1171 1170)
4(1456 1294 1457 1455)
4(1171 1457 1458 1172)
4(1172 1458 1459 1173)
4(1458 1295 1298 1459)
4(1457 1294 1295 1458)
4(1173 1459 1460 1174)
4(1174 1460 1461 1175)
4(1460 1463 1462 1461)
4(1459 1298 1463 1460)
4(1464 1467 1466 1465)
4(1465 1466 1469 1468)
4(1466 1471 1470 1469)
4(1467 1472 1471 1466)
4(1473 1476 1475 1474)
4(1474 1475 1478 1477)
4(1475 1479 1436 1478)
4(1476 1480 1479 1475)
4(1462 1482 1481 1461)
4(1461 1481 1176 1175)
4(1481 1483 1177 1176)
4(1482 1285 1483 1481)
4(1179 1485 1484 1180)
4(1180 1484 1486 1181)
4(1484 1488 1487 1486)
4(1485 1287 1488 1484)
4(1489 1492 1491 1490)
4(1490 1491 1494 1493)
4(1491 1496 1495 1494)
4(1492 1497 1496 1491)
4(1487 1499 1498 1486)
4(1486 1498 1182 1181)
4(1498 1500 1183 1182)
4(1499 1501 1500 1498)
4(1183 1500 1502 1184)
4(1184 1502 1503 1185)
4(1502 1505 1504 1503)
4(1500 1501 1505 1502)
4(1506 1509 1508 1507)
4(1507 1508 1510 1251)
4(1508 1291 1288 1510)
4(1509 1278 1291 1508)
4(1185 1503 1511 1186)
4(1186 1511 1512 1187)
4(1511 1514 1513 1512)
4(1503 1504 1514 1511)
4(1276 1277 1516 1515)
4(1515 1516 1517 1240)
4(1516 1509 1506 1517)
4(1277 1278 1509 1516)
4(1300 1520 1519 1518)
4(1518 1519 1522 1521)
4(1519 1524 1523 1522)
4(1520 1525 1524 1519)
4(1309 1528 1527 1526)
4(1526 1527 1530 1529)
4(1527 1532 1531 1530)
4(1528 1533 1532 1527)
4(1318 1536 1535 1534)
4(1534 1535 1538 1537)
4(1535 1474 1477 1538)
4(1536 1473 1474 1535)
4(1333 1541 1540 1539)
4(1539 1540 1543 1542)
4(1540 1362 1365 1543)
4(1541 1361 1362 1540)
4(1544 1547 1546 1545)
4(1545 1546 1548 1523)
4(1546 1550 1549 1548)
4(1547 1551 1550 1546)
4(1552 1555 1554 1553)
4(1553 1554 1557 1556)
4(1554 1559 1558 1557)
4(1555 1560 1559 1554)
4(1561 1564 1563 1562)
4(1562 1563 1566 1565)
4(1563 1226 1229 1566)
4(1564 1225 1226 1563)
4(1558 1568 1567 1557)
4(1557 1567 1569 1556)
4(1567 1345 1342 1569)
4(1568 1349 1345 1567)
4(1570 1573 1572 1571)
4(1571 1572 1575 1574)
4(1572 1217 1220 1575)
4(1573 1216 1217 1572)
4(1576 1579 1578 1577)
4(1577 1578 1581 1580)
4(1578 1583 1582 1581)
4(1579 1279 1583 1578)
4(1576 1586 1585 1584)
4(1584 1585 1499 1487)
4(1585 1587 1501 1499)
4(1586 1470 1587 1585)
4(1588 1591 1590 1589)
4(1589 1590 1593 1592)
4(1590 1208 1211 1593)
4(1591 1207 1208 1590)
4(1398 1595 1594 1397)
4(1397 1594 1596 1396)
4(1594 1598 1597 1596)
4(1595 1599 1598 1594)
4(1600 1603 1602 1601)
4(1601 1602 1605 1604)
4(1602 1607 1606 1605)
4(1603 1608 1607 1602)
4(1609 1612 1611 1610)
4(1610 1611 1614 1613)
4(1611 1199 1202 1614)
4(1612 1198 1199 1611)
4(1202 1616 1615 1614)
4(1614 1615 1617 1613)
4(1615 1619 1618 1617)
4(1616 1620 1619 1615)
4(1211 1622 1621 1593)
4(1593 1621 1623 1592)
4(1621 1625 1624 1623)
4(1622 1626 1625 1621)
4(1394 1395 1628 1627)
4(1627 1628 1601 1604)
4(1628 1629 1600 1601)
4(1395 1396 1629 1628)
4(1242 1631 1630 1241)
4(1241 1630 1515 1240)
4(1630 1632 1276 1515)
4(1631 1633 1632 1630)
4(1220 1635 1634 1575)
4(1575 1634 1636 1574)
4(1634 1638 1637 1636)
4(1635 1639 1638 1634)
4(1325 1642 1641 1640)
4(1640 1641 1644 1643)
4(1641 1330 1327 1644)
4(1642 1335 1330 1641)
4(1336 1647 1646 1645)
4(1645 1646 1649 1648)
4(1646 1631 1242 1649)
4(1647 1633 1631 1646)
4(1258 1651 1650 1257)
4(1257 1650 1652 1256)
4(1650 1555 1552 1652)
4(1651 1560 1555 1650)
4(1229 1654 1653 1566)
4(1566 1653 1655 1565)
4(1653 1657 1656 1655)
4(1654 1658 1657 1653)
4(1346 1347 1660 1659)
4(1659 1660 1640 1643)
4(1660 1322 1325 1640)
4(1347 1321 1322 1660)
4(1238 1663 1662 1661)
4(1661 1662 1665 1664)
4(1662 1667 1666 1665)
4(1663 1668 1667 1662)
4(1247 1671 1670 1669)
4(1669 1670 1673 1672)
4(1670 1675 1674 1673)
4(1671 1489 1675 1670)
4(1331 1332 1677 1676)
4(1676 1677 1678 1417)
4(1677 1539 1542 1678)
4(1332 1333 1539 1677)
4(1679 1682 1681 1680)
4(1680 1681 1684 1683)
4(1681 1467 1464 1684)
4(1682 1472 1467 1681)
4(1316 1317 1685 1430)
4(1430 1685 1686 1429)
4(1685 1534 1537 1686)
4(1317 1318 1534 1685)
4(1504 1688 1687 1514)
4(1514 1687 1689 1513)
4(1687 1682 1679 1689)
4(1688 1472 1682 1687)
4(1307 1308 1690 1447)
4(1447 1690 1691 1446)
4(1690 1526 1529 1691)
4(1308 1309 1526 1690)
4(1287 1282 1692 1488)
4(1488 1692 1584 1487)
4(1692 1579 1576 1584)
4(1282 1279 1579 1692)
4(1298 1299 1693 1463)
4(1463 1693 1694 1462)
4(1693 1518 1521 1694)
4(1299 1300 1518 1693)
4(1695 1698 1697 1696)
4(1696 1697 1700 1699)
4(1697 1702 1701 1700)
4(1698 1703 1702 1697)
4(1606 1607 1705 1704)
4(1704 1705 1612 1609)
4(1705 1706 1198 1612)
4(1607 1608 1706 1705)
4(1707 1710 1709 1708)
4(1708 1709 1712 1711)
4(1709 1713 1525 1712)
4(1710 1714 1713 1709)
4(1525 1713 1715 1524)
4(1524 1715 1545 1523)
4(1715 1716 1544 1545)
4(1713 1714 1716 1715)
4(1454 1719 1718 1717)
4(1717 1718 1721 1720)
4(1718 1476 1473 1721)
4(1719 1480 1476 1718)
4(1618 1619 1723 1722)
4(1722 1723 1591 1588)
4(1723 1724 1207 1591)
4(1619 1620 1724 1723)
4(1624 1625 1726 1725)
4(1725 1726 1573 1570)
4(1726 1727 1216 1573)
4(1625 1626 1727 1726)
4(1637 1638 1729 1728)
4(1728 1729 1564 1561)
4(1729 1730 1225 1564)
4(1638 1639 1730 1729)
4(1533 1732 1731 1532)
4(1532 1731 1733 1531)
4(1731 1735 1734 1733)
4(1732 1736 1735 1731)
4(1656 1657 1738 1737)
4(1737 1738 1740 1739)
4(1738 1741 1234 1740)
4(1657 1658 1741 1738)
4(1742 1745 1744 1743)
4(1743 1744 1747 1746)
4(1744 1749 1748 1747)
4(1745 1750 1749 1744)
4(1438 1753 1752 1751)
4(1751 1752 1755 1754)
4(1752 1732 1533 1755)
4(1753 1736 1732 1752)
4(1695 1757 1756 1698)
4(1698 1756 1758 1703)
4(1756 1747 1748 1758)
4(1757 1746 1747 1756)
4(1243 1761 1760 1759)
4(1759 1760 1667 1668)
4(1760 1762 1666 1667)
4(1761 1763 1762 1760)
4(1177 1483 1764 1178)
4(1178 1764 1485 1179)
4(1764 1286 1287 1485)
4(1483 1285 1286 1764)
4(1399 1400 1766 1765)
4(1765 1766 1745 1742)
4(1766 1767 1750 1745)
4(1400 1403 1767 1766)
4(1501 1587 1768 1505)
4(1505 1768 1688 1504)
4(1768 1471 1472 1688)
4(1587 1470 1471 1768)
4(1493 1770 1769 1490)
4(1490 1769 1675 1489)
4(1769 1771 1674 1675)
4(1770 1772 1771 1769)
4(1772 1770 1774 1773)
4(1773 1774 1776 1775)
4(1774 1778 1777 1776)
4(1770 1493 1778 1774)
4(1521 1780 1779 1694)
4(1694 1779 1482 1462)
4(1779 1284 1285 1482)
4(1780 1283 1284 1779)
4(1695 1696 1782 1781)
4(1781 1782 1784 1783)
4(1782 1786 1785 1784)
4(1696 1699 1786 1782)
4(1529 1788 1787 1691)
4(1691 1787 1456 1446)
4(1787 1297 1294 1456)
4(1788 1302 1297 1787)
4(1352 1790 1789 1350)
4(1350 1789 1426 1260)
4(1789 1410 1292 1426)
4(1790 1409 1410 1789)
4(1763 1761 1792 1791)
4(1791 1792 1669 1672)
4(1792 1244 1247 1669)
4(1761 1243 1244 1792)
4(1537 1794 1793 1686)
4(1686 1793 1440 1429)
4(1793 1306 1303 1440)
4(1794 1311 1306 1793)
4(1542 1796 1795 1678)
4(1678 1795 1420 1417)
4(1795 1315 1312 1420)
4(1796 1320 1315 1795)
4(1739 1740 1798 1797)
4(1797 1798 1661 1664)
4(1798 1235 1238 1661)
4(1740 1234 1235 1798)
4(1251 1510 1799 1250)
4(1250 1799 1800 1249)
4(1799 1408 1405 1800)
4(1510 1288 1408 1799)
4(1088 1802 1801 1087)
4(1087 1801 1803 1086)
4(1801 1589 1592 1803)
4(1802 1588 1589 1801)
4(1604 1605 1805 1804)
4(1804 1805 1097 1098)
4(1805 1806 1096 1097)
4(1605 1606 1806 1805)
4(1320 1808 1807 1319)
4(1319 1807 1536 1318)
4(1807 1721 1473 1536)
4(1808 1720 1721 1807)
4(1094 1810 1809 1093)
4(1093 1809 1811 1092)
4(1809 1610 1613 1811)
4(1810 1609 1610 1809)
4(1477 1813 1812 1538)
4(1538 1812 1794 1537)
4(1812 1814 1311 1794)
4(1813 1754 1814 1812)
4(1311 1814 1815 1310)
4(1310 1815 1528 1309)
4(1815 1755 1533 1528)
4(1814 1754 1755 1815)
4(1090 1817 1816 1089)
4(1089 1816 1802 1088)
4(1816 1722 1588 1802)
4(1817 1618 1722 1816)
4(1613 1617 1818 1811)
4(1811 1818 1091 1092)
4(1818 1817 1090 1091)
4(1617 1618 1817 1818)
4(1531 1820 1819 1530)
4(1530 1819 1788 1529)
4(1819 1821 1302 1788)
4(1820 1711 1821 1819)
4(1096 1806 1822 1095)
4(1095 1822 1810 1094)
4(1822 1704 1609 1810)
4(1806 1606 1704 1822)
4(1302 1821 1823 1301)
4(1301 1823 1520 1300)
4(1823 1712 1525 1520)
4(1821 1711 1712 1823)
4(1599 1825 1824 1598)
4(1598 1824 1826 1597)
4(1824 1547 1544 1826)
4(1825 1551 1547 1824)
4(1084 1828 1827 1083)
4(1083 1827 1829 1082)
4(1827 1725 1570 1829)
4(1828 1624 1725 1827)
4(1592 1623 1830 1803)
4(1803 1830 1085 1086)
4(1830 1828 1084 1085)
4(1623 1624 1828 1830)
4(1283 1832 1831 1280)
4(1280 1831 1583 1279)
4(1831 1833 1582 1583)
4(1832 1549 1833 1831)
4(1082 1829 1834 1081)
4(1081 1834 1835 1080)
4(1834 1571 1574 1835)
4(1829 1570 1571 1834)
4(1523 1548 1836 1522)
4(1522 1836 1780 1521)
4(1836 1832 1283 1780)
4(1548 1549 1832 1836)
4(1837 1840 1839 1838)
4(1838 1839 1842 1841)
4(1839 1710 1707 1842)
4(1840 1714 1710 1839)
4(1365 1844 1843 1543)
4(1543 1843 1796 1542)
4(1843 1808 1320 1796)
4(1844 1720 1808 1843)
4(1276 1632 1845 1275)
4(1275 1845 1846 1274)
4(1845 1848 1847 1846)
4(1632 1633 1848 1845)
4(1100 1850 1849 1099)
4(1099 1849 1804 1098)
4(1849 1627 1604 1804)
4(1850 1394 1627 1849)
4(1335 1852 1851 1334)
4(1334 1851 1541 1333)
4(1851 1379 1361 1541)
4(1852 1378 1379 1851)
4(1841 1842 1854 1853)
4(1853 1854 1855 1206)
4(1854 1856 1734 1855)
4(1842 1707 1856 1854)
4(1102 1858 1857 1101)
4(1101 1857 1850 1100)
4(1857 1391 1394 1850)
4(1858 1390 1391 1857)
4(1193 1860 1859 1326)
4(1326 1859 1642 1325)
4(1859 1852 1335 1642)
4(1860 1378 1852 1859)
4(1847 1848 1862 1861)
4(1861 1862 1337 1340)
4(1862 1647 1336 1337)
4(1848 1633 1647 1862)
4(1403 1864 1863 1767)
4(1767 1863 1865 1750)
4(1863 1105 1106 1865)
4(1864 1104 1105 1863)
4(1349 1867 1866 1348)
4(1348 1866 1324 1321)
4(1866 1341 1189 1324)
4(1867 1340 1341 1866)
4(1847 1861 1869 1868)
4(1868 1869 1568 1558)
4(1869 1867 1349 1568)
4(1861 1340 1867 1869)
4(1750 1865 1870 1749)
4(1749 1870 1871 1748)
4(1870 1107 1108 1871)
4(1865 1106 1107 1870)
4(1110 1873 1872 1109)
4(1109 1872 1871 1108)
4(1872 1758 1748 1871)
4(1873 1703 1758 1872)
4(1701 1702 1875 1874)
4(1874 1875 1111 1112)
4(1875 1873 1110 1111)
4(1702 1703 1873 1875)
4(1608 1877 1876 1706)
4(1706 1876 1201 1198)
4(1876 1853 1206 1201)
4(1877 1841 1853 1876)
4(1672 1673 1879 1878)
4(1878 1879 1061 1062)
4(1879 1880 1060 1061)
4(1673 1674 1880 1879)
4(1039 1882 1881 1038)
4(1038 1881 1113 1037)
4(1881 1874 1112 1113)
4(1882 1701 1874 1881)
4(1204 1885 1884 1883)
4(1883 1884 1434 1431)
4(1884 1753 1438 1434)
4(1885 1736 1753 1884)
4(1039 1040 1886 1882)
4(1882 1886 1700 1701)
4(1886 1887 1699 1700)
4(1040 1041 1887 1886)
4(1053 1188 1888 1052)
4(1052 1888 1889 1051)
4(1888 1512 1513 1889)
4(1188 1187 1512 1888)
4(1734 1735 1890 1855)
4(1855 1890 1205 1206)
4(1890 1885 1204 1205)
4(1735 1736 1885 1890)
4(1699 1887 1891 1786)
4(1786 1891 1892 1785)
4(1891 1042 1043 1892)
4(1887 1041 1042 1891)
4(1047 1048 1894 1893)
4(1893 1894 1680 1683)
4(1894 1895 1679 1680)
4(1048 1049 1895 1894)
4(1213 1898 1897 1896)
4(1896 1897 1451 1448)
4(1897 1719 1454 1451)
4(1898 1480 1719 1897)
4(1049 1050 1899 1895)
4(1895 1899 1689 1679)
4(1899 1889 1513 1689)
4(1050 1051 1889 1899)
4(1436 1479 1900 1435)
4(1435 1900 1214 1215)
4(1900 1898 1213 1214)
4(1479 1480 1898 1900)
4(1269 1902 1901 1268)
4(1268 1901 1358 1267)
4(1901 1790 1352 1358)
4(1902 1409 1790 1901)
4(1056 1904 1903 1055)
4(1055 1903 1114 1054)
4(1903 1905 1115 1114)
4(1904 1775 1905 1903)
4(1222 1908 1907 1906)
4(1906 1907 1414 1411)
4(1907 1377 1374 1414)
4(1908 1369 1377 1907)
4(1058 1910 1909 1057)
4(1057 1909 1904 1056)
4(1909 1773 1775 1904)
4(1910 1772 1773 1909)
4(1367 1368 1911 1452)
4(1452 1911 1223 1224)
4(1911 1908 1222 1223)
4(1368 1369 1908 1911)
4(1403 1404 1912 1864)
4(1864 1912 1103 1104)
4(1912 1858 1102 1103)
4(1404 1390 1858 1912)
4(1060 1880 1913 1059)
4(1059 1913 1910 1058)
4(1913 1771 1772 1910)
4(1880 1674 1771 1913)
4(1914 1917 1916 1915)
4(1915 1916 1402 1399)
4(1916 1595 1398 1402)
4(1917 1599 1595 1916)
4(1064 1919 1918 1063)
4(1063 1918 1878 1062)
4(1918 1791 1672 1878)
4(1919 1763 1791 1918)
4(1231 1922 1921 1920)
4(1920 1921 1645 1648)
4(1921 1339 1336 1645)
4(1922 1197 1339 1921)
4(1664 1665 1924 1923)
4(1923 1924 1067 1068)
4(1924 1925 1066 1067)
4(1665 1666 1925 1924)
4(1066 1925 1926 1065)
4(1065 1926 1919 1064)
4(1926 1762 1763 1919)
4(1925 1666 1762 1926)
4(1195 1196 1927 1415)
4(1415 1927 1232 1233)
4(1927 1922 1231 1232)
4(1196 1197 1922 1927)
4(1070 1929 1928 1069)
4(1069 1928 1923 1068)
4(1928 1797 1664 1923)
4(1929 1739 1797 1928)
4(1565 1655 1931 1930)
4(1930 1931 1073 1074)
4(1931 1932 1072 1073)
4(1655 1656 1932 1931)
4(1072 1932 1933 1071)
4(1071 1933 1929 1070)
4(1933 1737 1739 1929)
4(1932 1656 1737 1933)
4(1470 1586 1934 1469)
4(1469 1934 1935 1468)
4(1934 1577 1580 1935)
4(1586 1576 1577 1934)
4(1076 1937 1936 1075)
4(1075 1936 1930 1074)
4(1936 1562 1565 1930)
4(1937 1561 1562 1936)
4(1544 1716 1938 1826)
4(1826 1938 1939 1597)
4(1938 1840 1837 1939)
4(1716 1714 1840 1938)
4(1574 1636 1940 1835)
4(1835 1940 1079 1080)
4(1940 1941 1078 1079)
4(1636 1637 1941 1940)
4(1078 1941 1942 1077)
4(1077 1942 1937 1076)
4(1942 1728 1561 1937)
4(1941 1637 1728 1942)
4(1231 1920 1943 1230)
4(1230 1943 1654 1229)
4(1943 1944 1658 1654)
4(1920 1648 1944 1943)
4(1643 1644 1946 1945)
4(1945 1946 1152 1151)
4(1946 1947 1153 1152)
4(1644 1327 1947 1946)
4(1127 1949 1948 1128)
4(1128 1948 1130 1129)
4(1948 1950 1131 1130)
4(1949 1389 1950 1948)
4(1222 1906 1951 1221)
4(1221 1951 1635 1220)
4(1951 1952 1639 1635)
4(1906 1411 1952 1951)
4(1658 1944 1953 1741)
4(1741 1953 1237 1234)
4(1953 1649 1242 1237)
4(1944 1648 1649 1953)
4(1133 1955 1954 1134)
4(1134 1954 1956 1135)
4(1954 1371 1359 1956)
4(1955 1370 1371 1954)
4(1560 1958 1957 1559)
4(1559 1957 1868 1558)
4(1957 1846 1847 1868)
4(1958 1274 1846 1957)
4(1149 1960 1959 1150)
4(1150 1959 1945 1151)
4(1959 1659 1643 1945)
4(1960 1346 1659 1959)
4(1389 1387 1961 1950)
4(1950 1961 1132 1131)
4(1961 1955 1133 1132)
4(1387 1370 1955 1961)
4(1195 1416 1962 1194)
4(1194 1962 1860 1193)
4(1962 1375 1378 1860)
4(1416 1374 1375 1962)
4(1734 1856 1963 1733)
4(1733 1963 1820 1531)
4(1963 1708 1711 1820)
4(1856 1707 1708 1963)
4(1837 1838 1965 1964)
4(1964 1965 1603 1600)
4(1965 1877 1608 1603)
4(1838 1841 1877 1965)
4(1147 1967 1966 1148)
4(1148 1966 1960 1149)
4(1966 1343 1346 1960)
4(1967 1342 1343 1966)
4(1620 1969 1968 1724)
4(1724 1968 1210 1207)
4(1968 1432 1215 1210)
4(1969 1431 1432 1968)
4(1137 1971 1970 1138)
4(1138 1970 1972 1139)
4(1970 1355 1252 1972)
4(1971 1354 1355 1970)
4(1137 1136 1973 1971)
4(1971 1973 1360 1354)
4(1973 1956 1359 1360)
4(1136 1135 1956 1973)
4(1556 1569 1975 1974)
4(1974 1975 1146 1145)
4(1975 1967 1147 1146)
4(1569 1342 1967 1975)
4(1436 1437 1976 1478)
4(1478 1976 1813 1477)
4(1976 1751 1754 1813)
4(1437 1438 1751 1976)
4(1668 1978 1977 1759)
4(1759 1977 1246 1243)
4(1977 1507 1251 1246)
4(1978 1506 1507 1977)
4(1252 1253 1979 1972)
4(1972 1979 1140 1139)
4(1979 1980 1141 1140)
4(1253 1256 1980 1979)
4(1141 1980 1981 1142)
4(1142 1981 1982 1143)
4(1981 1652 1552 1982)
4(1980 1256 1652 1981)
4(1270 1271 1983 1425)
4(1425 1983 1651 1258)
4(1983 1958 1560 1651)
4(1271 1274 1958 1983)
4(1367 1453 1984 1366)
4(1366 1984 1844 1365)
4(1984 1717 1720 1844)
4(1453 1454 1717 1984)
4(1240 1517 1985 1239)
4(1239 1985 1663 1238)
4(1985 1978 1668 1663)
4(1517 1506 1978 1985)
4(1143 1982 1986 1144)
4(1144 1986 1974 1145)
4(1986 1553 1556 1974)
4(1982 1552 1553 1986)
4(1153 1947 1987 1154)
4(1154 1987 1988 1155)
4(1987 1328 1331 1988)
4(1947 1327 1328 1987)
4(1775 1776 1989 1905)
4(1905 1989 1116 1115)
4(1989 1990 1117 1116)
4(1776 1777 1990 1989)
4(1204 1883 1991 1203)
4(1203 1991 1616 1202)
4(1991 1969 1620 1616)
4(1883 1431 1969 1991)
4(1155 1988 1992 1156)
4(1156 1992 1418 1157)
4(1992 1676 1417 1418)
4(1988 1331 1676 1992)
4(1626 1994 1993 1727)
4(1727 1993 1219 1216)
4(1993 1449 1224 1219)
4(1994 1448 1449 1993)
4(1125 1124 1996 1995)
4(1995 1996 1383 1384)
4(1996 1997 1382 1383)
4(1124 1123 1997 1996)
4(1998 2001 2000 1999)
4(1999 2000 1122 1121)
4(2000 1997 1123 1122)
4(2001 1382 1997 2000)
4(1396 1596 2002 1629)
4(1629 2002 1964 1600)
4(2002 1939 1837 1964)
4(1596 1597 1939 2002)
4(1639 1952 2003 1730)
4(1730 2003 1228 1225)
4(2003 1412 1233 1228)
4(1952 1411 1412 2003)
4(1213 1896 2004 1212)
4(1212 2004 1622 1211)
4(2004 1994 1626 1622)
4(1896 1448 1994 2004)
4(1389 1949 2005 1388)
4(1388 2005 1995 1384)
4(2005 1126 1125 1995)
4(1949 1127 1126 2005)
4(1497 2007 2006 1496)
4(1496 2006 2008 1495)
4(2006 2010 2009 2008)
4(2007 2011 2010 2006)
4(1117 1990 2012 1118)
4(1118 2012 2013 1119)
4(2012 2015 2014 2013)
4(1990 1777 2015 2012)
4(1998 1999 2017 2016)
4(2016 2017 2013 2014)
4(2017 1120 1119 2013)
4(1999 1121 1120 2017)
4(2011 2019 2018 2010)
4(2010 2018 2020 2009)
4(2018 1264 1261 2020)
4(2019 1269 1264 2018)
4(2021 2024 2023 2022)
4(2022 2023 2026 2025)
4(2023 2028 2027 2026)
4(2024 2029 2028 2023)
4(1261 1380 2030 2020)
4(2020 2030 2031 2009)
4(2030 2001 1998 2031)
4(1380 1382 2001 2030)
4(1489 1671 2032 1492)
4(1492 2032 2033 1497)
4(2032 1248 1249 2033)
4(1671 1247 1248 2032)
4(1551 1825 2035 2034)
4(2034 2035 2037 2036)
4(2035 1917 1914 2037)
4(1825 1599 1917 2035)
4(1582 1833 2039 2038)
4(2038 2039 2034 2036)
4(2039 1550 1551 2034)
4(1833 1549 1550 2039)
4(1047 1893 2040 1046)
4(1046 2040 2041 1045)
4(2040 2043 2042 2041)
4(1893 1683 2043 2040)
4(1914 1915 2045 2044)
4(2044 2045 2046 2029)
4(2045 1765 1742 2046)
4(1915 1399 1765 2045)
4(2029 2024 2047 2044)
4(2044 2047 2037 1914)
4(2047 2048 2036 2037)
4(2024 2021 2048 2047)
4(1464 1465 2050 2049)
4(2049 2050 2052 2051)
4(2050 2053 2025 2052)
4(1465 1468 2053 2050)
4(1580 1581 2055 2054)
4(2054 2055 2048 2021)
4(2055 2038 2036 2048)
4(1581 1582 2038 2055)
4(2042 2057 2056 2041)
4(2041 2056 1044 1045)
4(2056 1892 1043 1044)
4(2057 1785 1892 2056)
4(1468 1935 2058 2053)
4(2053 2058 2022 2025)
4(2058 2054 2021 2022)
4(1935 1580 2054 2058)
4(2042 2043 2060 2059)
4(2059 2060 2049 2051)
4(2060 1684 1464 2049)
4(2043 1683 1684 2060)
4(2042 2059 2061 2057)
4(2057 2061 1784 1785)
4(2061 2062 1783 1784)
4(2059 2051 2062 2061)
4(2027 2028 2064 2063)
4(2063 2064 1743 1746)
4(2064 2046 1742 1743)
4(2028 2029 2046 2064)
4(2011 2066 2065 2019)
4(2019 2065 1902 1269)
4(2065 1406 1409 1902)
4(2066 1405 1406 2065)
4(1495 2008 2068 2067)
4(2067 2068 2016 2014)
4(2068 2031 1998 2016)
4(2008 2009 2031 2068)
4(1405 2066 2069 1800)
4(1800 2069 2033 1249)
4(2069 2007 1497 2033)
4(2066 2011 2007 2069)
4(2014 2015 2070 2067)
4(2067 2070 1494 1495)
4(2070 1778 1493 1494)
4(2015 1777 1778 2070)
4(2027 2063 2072 2071)
4(2071 2072 1781 1783)
4(2072 1757 1695 1781)
4(2063 1746 1757 2072)
4(2051 2052 2073 2062)
4(2062 2073 2071 1783)
4(2073 2026 2027 2071)
4(2052 2025 2026 2073)
4(3 1129 1130 325)
4(325 1130 1131 47)
4(47 1131 1132 326)
4(326 1132 1133 48)
4(48 1133 1134 327)
4(327 1134 1135 49)
4(328 49 1135 1136)
4(50 328 1136 1137)
4(50 1137 1138 329)
4(329 1138 1139 51)
4(51 1139 1140 330)
4(330 1140 1141 52)
4(52 1141 1142 331)
4(331 1142 1143 53)
4(53 1143 1144 332)
4(332 1144 1145 54)
4(54 1145 1146 333)
4(333 1146 1147 55)
4(55 1147 1148 334)
4(334 1148 1149 56)
4(56 1149 1150 335)
4(335 1150 1151 57)
4(57 1151 1152 336)
4(336 1152 1153 58)
4(58 1153 1154 337)
4(337 1154 1155 59)
4(59 1155 1156 338)
4(338 1156 1157 60)
4(60 1157 1158 339)
4(339 1158 1159 61)
4(61 1159 1160 340)
4(340 1160 1161 62)
4(62 1161 1162 341)
4(341 1162 1163 63)
4(63 1163 1164 342)
4(342 1164 1165 64)
4(64 1165 1166 343)
4(343 1166 1167 65)
4(65 1167 1168 344)
4(344 1168 1169 66)
4(66 1169 1170 345)
4(345 1170 1171 67)
4(67 1171 1172 346)
4(346 1172 1173 68)
4(68 1173 1174 347)
4(347 1174 1175 69)
4(69 1175 1176 348)
4(348 1176 1177 70)
4(70 1177 1178 349)
4(349 1178 1179 71)
4(71 1179 1180 350)
4(350 1180 1181 72)
4(72 1181 1182 351)
4(351 1182 1183 73)
4(73 1183 1184 352)
4(352 1184 1185 74)
4(74 1185 1186 353)
4(353 1186 1187 75)
4(354 75 1187 1188)
4(1 354 1188 1053)
4(2 1054 1114 317)
4(317 1114 1115 40)
4(40 1115 1116 318)
4(318 1116 1117 41)
4(41 1117 1118 319)
4(319 1118 1119 42)
4(320 42 1119 1120)
4(43 320 1120 1121)
4(43 1121 1122 321)
4(321 1122 1123 44)
4(322 44 1123 1124)
4(45 322 1124 1125)
4(323 45 1125 1126)
4(46 323 1126 1127)
4(46 1127 1128 324)
4(324 1128 1129 3)
4(27 1088 1087 303)
4(303 1087 1086 26)
4(32 1098 1097 308)
4(308 1097 1096 31)
4(30 1094 1093 306)
4(306 1093 1092 29)
4(28 1090 1089 304)
4(304 1089 1088 27)
4(29 1092 1091 305)
4(305 1091 1090 28)
4(31 1096 1095 307)
4(307 1095 1094 30)
4(25 1084 1083 301)
4(301 1083 1082 24)
4(26 1086 1085 302)
4(302 1085 1084 25)
4(24 1082 1081 300)
4(300 1081 1080 23)
4(33 1100 1099 309)
4(309 1099 1098 32)
4(34 1102 1101 310)
4(310 1101 1100 33)
4(312 36 1106 1105)
4(35 312 1105 1104)
4(313 37 1108 1107)
4(36 313 1107 1106)
4(38 1110 1109 314)
4(314 1109 1108 37)
4(39 1112 1111 315)
4(315 1111 1110 38)
4(14 1062 1061 290)
4(290 1061 1060 13)
4(0 1037 1113 316)
4(316 1113 1112 39)
4(11 1056 1055 287)
4(287 1055 1054 2)
4(12 1058 1057 288)
4(288 1057 1056 11)
4(35 1104 1103 311)
4(311 1103 1102 34)
4(13 1060 1059 289)
4(289 1059 1058 12)
4(15 1064 1063 291)
4(291 1063 1062 14)
4(17 1068 1067 293)
4(293 1067 1066 16)
4(16 1066 1065 292)
4(292 1065 1064 15)
4(18 1070 1069 294)
4(294 1069 1068 17)
4(20 1074 1073 296)
4(296 1073 1072 19)
4(19 1072 1071 295)
4(295 1071 1070 18)
4(21 1076 1075 297)
4(297 1075 1074 20)
4(23 1080 1079 299)
4(299 1079 1078 22)
4(22 1078 1077 298)
4(298 1077 1076 21)
4(8 1047 1046 283)
4(283 1046 1045 7)
4(280 1040 1039 4)
4(5 1041 1040 280)
4(7 1045 1044 282)
4(282 1044 1043 6)
4(0 279 1038 1037)
4(279 4 1039 1038)
4(281 1042 1041 5)
4(6 1043 1042 281)
4(10 286 1052 1051)
4(286 1 1053 1052)
4(9 285 1050 1049)
4(285 10 1051 1050)
4(8 284 1048 1047)
4(284 9 1049 1048)
)


// ************************************************************************* //
