/*--------------------------------*- C++ -*----------------------------------*\
| =========                 |                                                 |
| \\      /  F ield         | OpenFOAM: The Open Source CFD Toolbox           |
|  \\    /   O peration     | Version:  4.1                                   |
|   \\  /    A nd           | Web:      www.OpenFOAM.org                      |
|    \\/     M anipulation  |                                                 |
\*---------------------------------------------------------------------------*/
FoamFile
{
    version     2.0;
    format      ascii;
    class       pointSet;
    location    "constant/polyMesh/sets";
    object      unusedPoints;
}
// * * * * * * * * * * * * * * * * * * * * * * * * * * * * * * * * * * * * * //


1648
(
173 
174 
175 
176 
177 
178 
179 
180 
181 
182 
183 
184 
185 
186 
187 
188 
189 
190 
191 
192 
193 
194 
195 
196 
197 
198 
199 
200 
201 
202 
203 
204 
205 
206 
207 
208 
209 
210 
211 
212 
213 
214 
215 
216 
217 
218 
219 
220 
221 
222 
223 
224 
225 
226 
227 
228 
229 
230 
231 
232 
233 
234 
235 
236 
237 
238 
239 
240 
241 
242 
243 
244 
245 
246 
247 
248 
249 
250 
251 
252 
253 
254 
255 
256 
257 
258 
259 
260 
261 
262 
263 
264 
265 
266 
267 
268 
269 
270 
271 
272 
273 
274 
275 
276 
277 
278 
279 
280 
281 
282 
283 
284 
285 
286 
287 
288 
289 
290 
291 
292 
293 
294 
295 
296 
297 
298 
299 
300 
301 
302 
303 
304 
305 
306 
307 
409 
410 
411 
412 
413 
414 
415 
416 
417 
418 
419 
420 
421 
422 
423 
424 
425 
426 
427 
428 
429 
430 
431 
432 
433 
434 
435 
436 
437 
438 
439 
440 
441 
442 
443 
444 
445 
446 
447 
448 
449 
450 
451 
452 
453 
454 
455 
456 
457 
458 
459 
460 
461 
462 
463 
464 
465 
466 
467 
468 
469 
470 
471 
472 
473 
474 
475 
476 
477 
529 
530 
531 
532 
533 
534 
535 
536 
537 
538 
539 
540 
541 
542 
543 
544 
545 
546 
547 
548 
549 
550 
551 
552 
553 
554 
555 
556 
557 
558 
559 
560 
561 
562 
563 
564 
565 
566 
567 
568 
569 
570 
571 
572 
573 
574 
575 
576 
577 
578 
579 
580 
581 
582 
583 
584 
585 
586 
587 
588 
589 
590 
591 
592 
593 
594 
595 
596 
597 
598 
599 
600 
601 
602 
603 
604 
605 
606 
607 
608 
609 
610 
611 
612 
613 
614 
615 
616 
617 
618 
619 
620 
621 
622 
623 
624 
625 
626 
627 
628 
629 
630 
631 
632 
633 
634 
635 
636 
637 
638 
639 
640 
641 
642 
643 
644 
645 
646 
647 
648 
649 
650 
651 
652 
653 
654 
655 
656 
657 
658 
659 
660 
661 
662 
663 
664 
665 
666 
667 
668 
669 
670 
671 
672 
673 
674 
675 
676 
677 
678 
679 
680 
681 
682 
683 
684 
685 
686 
687 
688 
689 
690 
691 
692 
693 
694 
695 
696 
697 
698 
699 
700 
701 
702 
703 
704 
705 
706 
707 
708 
709 
710 
711 
712 
713 
714 
715 
716 
717 
718 
719 
720 
721 
722 
723 
724 
725 
726 
727 
728 
729 
730 
731 
732 
733 
734 
735 
736 
737 
738 
739 
740 
741 
742 
743 
744 
745 
746 
747 
748 
749 
750 
751 
752 
753 
754 
755 
756 
757 
758 
759 
760 
761 
762 
763 
764 
765 
766 
767 
768 
769 
770 
771 
772 
773 
774 
775 
776 
777 
778 
779 
780 
781 
782 
783 
784 
785 
786 
787 
788 
789 
790 
791 
792 
793 
794 
795 
796 
797 
798 
799 
800 
801 
802 
803 
804 
1008 
1009 
1010 
1011 
1012 
1013 
1014 
1015 
1016 
1017 
1018 
1019 
1020 
1021 
1022 
1023 
1024 
1025 
1026 
1027 
1028 
1029 
1030 
1031 
1032 
1033 
1034 
1035 
1036 
1037 
1038 
1039 
1040 
1041 
1042 
1043 
1044 
1045 
1046 
1047 
1048 
1049 
1050 
1051 
1052 
1053 
1054 
1055 
1056 
1057 
1058 
1059 
1060 
1061 
1062 
1063 
1064 
1065 
1066 
1067 
1068 
1069 
1070 
1071 
1072 
1073 
1074 
1075 
1076 
1077 
1078 
1079 
1080 
1081 
1082 
1083 
1084 
1085 
1086 
1087 
1088 
1089 
1090 
1091 
1092 
1093 
1094 
1095 
1096 
1097 
1098 
1099 
1100 
1101 
1102 
1103 
1104 
1105 
1106 
1107 
1108 
1109 
1110 
1111 
1112 
1113 
1114 
1115 
1116 
1117 
1118 
1119 
1120 
1121 
1122 
1123 
1124 
1125 
1126 
1127 
1128 
1129 
1130 
1131 
1132 
1133 
1134 
1135 
1136 
1137 
1138 
1139 
1140 
1141 
1142 
1143 
1144 
1145 
1146 
1147 
1148 
1149 
1150 
1151 
1152 
1153 
1154 
1155 
1156 
1157 
1158 
1159 
1160 
1161 
1162 
1163 
1164 
1165 
1166 
1167 
1168 
1169 
1170 
1171 
1172 
1173 
1174 
1175 
1176 
1177 
1178 
1179 
1180 
1181 
1182 
1183 
1184 
1185 
1186 
1187 
1188 
1189 
1190 
1191 
1192 
1193 
1194 
1195 
1196 
1197 
1198 
1199 
1200 
1201 
1202 
1203 
1204 
1205 
1206 
1207 
1208 
1209 
1210 
1211 
1212 
1213 
1214 
1215 
1216 
1217 
1218 
1219 
1220 
1221 
1222 
1223 
1224 
1225 
1226 
1227 
1228 
1229 
1230 
1231 
1232 
1233 
1234 
1235 
1236 
1237 
1238 
1239 
1240 
1241 
1242 
1243 
1244 
1245 
1246 
1247 
1248 
1249 
1250 
1251 
1252 
1253 
1254 
1255 
1256 
1257 
1258 
1259 
1260 
1261 
1262 
1263 
1264 
1265 
1266 
1267 
1268 
1269 
1270 
1271 
1272 
1273 
1274 
1275 
1276 
1277 
1278 
1279 
1280 
1281 
1282 
1283 
1284 
1285 
1286 
1287 
1288 
1289 
1290 
1291 
1292 
1293 
1294 
1295 
1296 
1297 
1298 
1299 
1300 
1301 
1302 
1303 
1304 
1305 
1306 
1307 
1308 
1309 
1310 
1311 
1312 
1313 
1314 
1315 
1316 
1317 
1318 
1319 
1320 
1321 
1322 
1323 
1324 
1325 
1326 
1327 
1328 
1329 
1330 
1331 
1332 
1333 
1334 
1335 
1336 
1337 
1338 
1339 
1340 
1341 
1342 
1343 
1344 
1345 
1346 
1347 
1348 
1349 
1350 
1351 
6845 
6846 
6847 
6848 
6849 
6850 
6851 
6852 
6853 
6854 
6855 
6856 
6857 
6858 
6859 
6860 
6861 
6862 
6863 
6864 
6865 
6866 
6867 
6868 
6869 
6870 
6871 
6872 
6873 
6874 
6875 
6876 
6877 
6878 
6879 
6880 
6881 
6882 
6883 
6884 
6885 
6886 
6887 
6888 
6889 
6890 
6891 
6892 
6893 
6894 
6895 
6896 
6897 
6898 
6899 
6900 
6901 
6902 
6903 
6904 
6905 
6906 
6907 
6908 
6909 
6910 
6911 
6912 
6913 
6914 
6915 
6916 
6917 
6918 
6919 
6920 
6921 
6922 
6923 
6924 
6925 
6926 
6927 
6928 
6929 
6930 
6931 
6932 
6933 
6934 
6935 
6936 
6937 
6938 
6939 
6940 
6941 
6942 
6943 
6944 
6945 
6946 
6947 
6948 
6949 
6950 
6951 
6952 
6953 
6954 
6955 
6956 
6957 
6958 
6959 
6960 
6961 
6962 
6963 
6964 
6965 
6966 
6967 
6968 
6969 
6970 
6971 
6972 
6973 
6974 
6975 
6976 
6977 
6978 
6979 
6980 
6981 
6982 
6983 
6984 
6985 
6986 
6987 
6988 
6989 
6990 
6991 
6992 
6993 
6994 
6995 
6996 
6997 
6998 
6999 
7000 
7001 
7002 
7003 
7004 
7005 
7006 
7007 
7008 
7009 
7010 
7011 
7012 
7013 
7014 
7015 
7016 
7017 
7018 
7019 
7020 
7021 
7022 
7023 
7024 
7025 
7026 
7027 
7028 
7029 
7030 
7031 
7032 
7033 
7034 
7035 
7036 
7037 
7038 
7039 
7040 
7041 
7042 
7043 
7044 
7045 
7046 
7047 
7048 
7049 
7050 
7051 
7052 
7053 
7054 
7055 
7056 
7057 
7058 
7059 
7060 
7061 
7062 
7063 
7064 
7065 
7066 
7067 
7068 
7069 
7070 
7071 
7072 
7073 
7074 
7075 
7076 
7077 
7078 
7079 
7080 
7081 
7082 
7083 
7084 
7085 
7086 
7087 
7088 
7089 
7090 
7091 
7092 
7093 
7094 
7095 
7096 
7097 
7098 
7099 
7100 
7101 
7102 
7103 
7104 
7105 
7106 
7107 
7108 
7109 
7110 
7111 
7112 
7113 
7114 
7115 
7116 
7117 
7118 
7119 
7120 
7121 
7122 
7123 
7124 
7125 
7126 
7127 
7128 
7129 
7130 
7131 
7132 
7133 
7134 
7135 
7136 
7137 
7138 
7139 
7140 
7141 
7142 
7143 
7144 
7145 
7146 
7147 
7148 
7149 
7150 
7151 
7152 
7153 
7154 
7155 
7156 
7157 
7158 
7159 
7160 
7161 
7162 
7163 
7164 
7165 
7166 
7167 
7168 
7169 
7170 
7171 
7172 
7173 
7174 
7175 
7176 
7177 
7178 
7179 
7180 
7181 
7182 
7183 
7184 
7185 
7186 
7187 
7188 
7189 
7190 
7191 
7192 
7193 
7194 
7195 
7196 
7197 
7198 
7199 
7200 
7201 
7202 
7203 
7204 
7205 
7206 
7207 
7208 
7209 
7210 
7211 
7212 
7213 
7214 
7215 
7216 
7217 
7218 
7219 
7220 
7221 
7222 
7223 
7224 
7225 
7226 
7227 
7228 
7229 
7230 
7231 
7232 
7233 
7234 
7235 
7236 
7237 
7238 
7239 
7240 
7241 
7242 
7243 
7244 
7245 
7246 
7247 
7248 
7249 
7250 
7251 
7252 
7253 
7254 
7255 
7256 
7257 
7258 
7259 
7260 
7261 
7262 
7263 
7264 
7265 
7266 
7267 
7268 
7269 
7270 
7271 
7272 
7273 
7274 
7275 
7276 
7277 
7278 
7279 
7280 
7281 
7282 
7283 
7284 
7285 
7286 
7287 
7288 
7289 
7290 
7291 
7292 
7293 
7294 
7295 
7296 
7297 
7298 
7299 
7300 
7301 
7302 
7303 
7304 
7305 
7306 
7307 
7308 
7309 
7310 
7311 
7312 
7313 
7314 
7315 
7316 
7317 
7318 
7319 
7320 
7321 
7322 
7323 
7324 
7325 
7326 
7327 
7328 
7329 
7330 
7331 
7332 
7333 
7334 
7335 
7336 
7337 
7338 
7339 
7340 
7341 
7342 
7343 
7344 
7345 
7346 
7347 
7348 
7349 
7350 
7351 
7352 
7353 
7354 
7355 
7356 
7357 
7358 
7359 
7360 
7361 
7362 
7363 
7364 
7365 
7366 
7367 
7368 
7369 
7370 
7371 
7372 
7373 
7374 
7375 
7376 
7377 
7378 
7379 
7380 
7381 
7382 
7383 
7384 
7385 
7386 
7387 
7388 
7389 
7390 
7391 
7392 
7393 
7394 
7395 
7396 
7397 
7398 
7399 
7400 
7401 
7402 
7403 
7404 
7405 
7406 
7407 
7408 
7409 
7410 
7411 
7412 
7413 
7414 
7415 
7416 
7417 
7418 
7419 
7420 
7421 
7422 
7423 
7424 
7425 
7426 
7427 
7428 
7429 
7430 
7431 
7432 
7433 
7434 
7435 
7436 
7437 
7438 
7439 
7440 
7441 
7442 
7443 
7444 
7445 
7446 
7447 
7448 
7449 
7450 
7451 
7452 
7453 
7454 
7455 
7456 
7457 
7458 
7459 
7460 
7461 
7462 
7463 
7464 
7465 
7466 
7467 
7468 
7469 
7470 
7471 
7472 
7473 
7474 
7475 
7476 
7477 
7478 
7479 
7480 
7481 
7482 
7483 
7484 
7485 
7486 
7487 
7488 
7489 
7490 
7491 
7492 
7493 
7494 
7495 
7496 
7497 
7498 
7499 
7500 
7501 
7502 
7503 
7504 
7505 
7506 
7507 
7508 
7509 
7510 
7511 
7512 
7513 
7514 
7515 
7516 
7517 
7518 
7519 
7520 
7521 
7522 
7523 
7524 
7525 
7526 
7527 
7528 
7529 
7530 
7531 
7532 
7533 
7534 
7535 
7536 
7537 
7538 
7539 
7540 
7541 
7542 
7543 
7544 
7545 
7546 
7547 
7548 
7549 
7550 
7551 
7552 
7553 
7554 
7555 
7556 
7557 
7558 
7559 
7560 
7561 
7562 
7563 
7564 
7565 
7566 
7567 
7568 
7569 
7570 
7571 
7572 
7573 
7574 
7575 
7576 
7577 
7578 
7579 
7580 
7581 
7582 
7583 
7584 
7585 
7586 
7587 
7588 
7589 
7590 
7591 
7592 
7593 
7594 
7595 
7596 
7597 
7598 
7599 
7600 
7601 
7602 
7603 
7604 
7605 
7606 
7607 
7608 
7609 
7610 
7611 
7612 
7613 
7614 
7615 
7616 
7617 
7618 
7619 
7620 
7621 
7622 
7623 
7624 
7625 
7626 
7627 
7628 
7629 
7630 
7631 
7632 
7633 
7634 
7635 
7636 
7637 
7638 
7639 
7640 
7641 
7642 
7643 
7644 
7645 
7646 
7647 
7648 
7649 
7650 
7651 
7652 
7653 
7654 
7655 
7656 
7657 
7658 
7659 
7660 
7661 
7662 
7663 
7664 
7665 
7666 
7667 
7668 
)

// ************************************************************************* //
