/*--------------------------------*- C++ -*----------------------------------*\
| =========                 |                                                 |
| \\      /  F ield         | OpenFOAM: The Open Source CFD Toolbox           |
|  \\    /   O peration     | Version:  4.1                                   |
|   \\  /    A nd           | Web:      www.OpenFOAM.org                      |
|    \\/     M anipulation  |                                                 |
\*---------------------------------------------------------------------------*/
FoamFile
{
    version     2.0;
    format      ascii;
    class       vectorField;
    location    "constant/Warhead_rotated/polyMesh";
    object      points;
}
// * * * * * * * * * * * * * * * * * * * * * * * * * * * * * * * * * * * * * //


630
(
(-3.5355339 3.5355339 15)
(-3.5355339 3.5355339 19.976)
(-6.363961 6.363961 15)
(-5.7275649 5.7275649 17.615)
(-5.0911688 5.0911688 18.6)
(-4.4547727 4.4547727 19.285)
(-3.8183766 3.8183766 19.8)
(-3.5355339 3.5355339 15.4976)
(-3.5355339 3.5355339 15.9952)
(-3.5355339 3.5355339 16.4928)
(-3.5355339 3.5355339 16.9904)
(-3.5355339 3.5355339 17.488)
(-3.5355339 3.5355339 17.9856)
(-3.5355339 3.5355339 18.4832)
(-3.5355339 3.5355339 18.9808)
(-3.5355339 3.5355339 19.4784)
(-3.8890873 3.8890873 15)
(-4.2426407 4.2426407 15)
(-4.5961941 4.5961941 15)
(-4.9497475 4.9497475 15)
(-5.3033009 5.3033009 15)
(-5.6568542 5.6568542 15)
(-6.0104076 6.0104076 15)
(-5.8336309 5.8336309 17.179167)
(-5.939697 5.939697 16.743333)
(-6.045763 6.045763 16.3075)
(-6.151829 6.151829 15.871667)
(-6.257895 6.257895 15.435833)
(-5.3033009 5.3033009 18.271667)
(-5.5154329 5.5154329 17.943333)
(-4.6669048 4.6669048 19.056667)
(-4.8790368 4.8790368 18.828333)
(-4.0305087 4.0305087 19.628333)
(-4.2426407 4.2426407 19.456667)
(-3.8927654 3.8927654 16.491965)
(-4.8904689 4.8904689 18.286968)
(-5.5164021 5.5164021 17.042866)
(-3.8821841 3.8821841 17.980812)
(-4.9401113 4.9401113 15.512974)
(-4.3497139 4.3497139 19.061743)
(-3.888528 3.888528 15.496697)
(-3.9176908 3.9176908 18.509173)
(-5.8653162 5.8653162 15.723038)
(-4.2406034 4.2406034 15.495839)
(-3.8929184 3.8929184 16.997379)
(-5.5940729 5.5940729 16.601257)
(-5.0961126 5.0961126 17.990907)
(-4.4632248 4.4632248 18.767369)
(-4.1089062 4.1089062 19.110372)
(-3.8487771 3.8487771 19.41162)
(-5.4328145 5.4328145 17.427052)
(-5.2862141 5.2862141 15.560306)
(-5.9452119 5.9452119 15.362842)
(-4.2495699 4.2495699 16.47763)
(-5.2489084 5.2489084 16.509273)
(-4.6864748 4.6864748 18.014949)
(-4.1936258 4.1936258 18.379637)
(-3.8824869 3.8824869 17.494698)
(-4.5910784 4.5910784 15.498295)
(-4.2409516 4.2409516 15.988084)
(-3.8893154 3.8893154 15.993113)
(-5.6760011 5.6760011 16.068334)
(-5.2990497 5.2990497 17.711187)
(-5.2773005 5.2773005 16.038661)
(-4.6975865 4.6975865 18.553717)
(-3.8339282 3.8339282 18.990495)
(-5.6433554 5.6433554 15.278873)
(-5.1380747 5.1380747 17.396119)
(-4.1750327 4.1750327 18.701794)
(-4.9158082 4.9158082 16.461266)
(-4.2412526 4.2412526 17.976835)
(-4.8645864 4.8645864 17.674355)
(-4.297407 4.297407 17.018627)
(-4.5874057 4.5874057 15.985675)
(-4.4648185 4.4648185 18.327578)
(-5.200503 5.200503 16.948414)
(-4.9303184 4.9303184 16.000358)
(-5.6038767 5.6038767 15.628934)
(-4.8545515 4.8545515 17.271518)
(-4.5170686 4.5170686 17.665164)
(-4.5887667 4.5887667 16.453107)
(-4.2110315 4.2110315 17.521335)
(-4.8919384 4.8919384 16.887122)
(-4.6013586 4.6013586 16.871208)
(-4.5806945 4.5806945 17.22134)
(-3.5355339 3.5355339 15.2488)
(-3.5355339 3.5355339 15.7464)
(-3.5355339 3.5355339 16.244)
(-3.5355339 3.5355339 16.7416)
(-3.5355339 3.5355339 17.2392)
(-3.5355339 3.5355339 17.7368)
(-3.5355339 3.5355339 18.2344)
(-3.5355339 3.5355339 18.732)
(-3.5355339 3.5355339 19.2296)
(-3.5355339 3.5355339 19.7272)
(-3.7123106 3.7123106 15)
(-4.065864 4.065864 15)
(-4.4194174 4.4194174 15)
(-4.7729708 4.7729708 15)
(-5.1265242 5.1265242 15)
(-5.4800776 5.4800776 15)
(-5.8336309 5.8336309 15)
(-6.1871843 6.1871843 15)
(-5.7805979 5.7805979 17.397083)
(-5.886664 5.886664 16.96125)
(-5.99273 5.99273 16.525417)
(-6.098796 6.098796 16.089583)
(-6.204862 6.204862 15.65375)
(-6.310928 6.310928 15.217917)
(-5.1972348 5.1972348 18.435833)
(-5.4093669 5.4093669 18.1075)
(-5.6214989 5.6214989 17.779167)
(-4.5608387 4.5608387 19.170833)
(-4.7729708 4.7729708 18.9425)
(-4.9851028 4.9851028 18.714167)
(-3.9244426 3.9244426 19.714167)
(-4.1365747 4.1365747 19.5425)
(-4.3487067 4.3487067 19.370833)
(-3.6769553 3.6769553 19.888)
(-3.9831904 3.9831904 19.268681)
(-3.8260618 3.8260618 19.189383)
(-3.9642315 3.9642315 19.025364)
(-5.8024267 5.8024267 15.887741)
(-5.6130544 5.6130544 15.819838)
(-5.7371897 5.7371897 15.665685)
(-5.012361 5.012361 17.550861)
(-4.8460679 4.8460679 17.451892)
(-4.9858981 4.9858981 17.308224)
(-4.599003 4.599003 17.87093)
(-4.6932646 4.6932646 17.64768)
(-4.7768373 4.7768373 17.872846)
(-4.0727673 4.0727673 18.405894)
(-4.1938532 4.1938532 18.539101)
(-4.0565369 4.0565369 18.64552)
(-4.4507462 4.4507462 18.54875)
(-4.6021095 4.6021095 18.437099)
(-4.5998163 4.5998163 18.662417)
(-4.4641484 4.4641484 16.904563)
(-4.600295 4.600295 17.047614)
(-4.4504905 4.4504905 17.161153)
(-4.2066664 4.2066664 17.731275)
(-4.3558134 4.3558134 17.565906)
(-4.3870851 4.3870851 17.834067)
(-5.6592378 5.6592378 15.132212)
(-5.4964094 5.4964094 15.201413)
(-5.3776384 5.3776384 17.579042)
(-5.213871 5.213871 17.583731)
(-5.3022095 5.3022095 17.386194)
(-4.1979546 4.1979546 18.206437)
(-4.3705835 4.3705835 18.136198)
(-4.313126 4.313126 18.367115)
(-3.8088578 3.8088578 19.630603)
(-3.9396708 3.9396708 19.521034)
(-5.294635 5.294635 15.312785)
(-5.1139916 5.1139916 15.531214)
(-4.9448143 4.9448143 15.259235)
(-5.119955 5.119955 15.273187)
(-4.0647478 4.0647478 15.49614)
(-3.8887384 3.8887384 15.248382)
(-4.2415104 4.2415104 15.248167)
(-4.0652088 4.0652088 15.248176)
(-3.7138375 3.7138375 16.492931)
(-3.8944009 3.8944009 16.74414)
(-3.7133059 3.7133059 16.993316)
(-3.7141872 3.7141872 16.743064)
(-3.890133 3.890133 18.22705)
(-3.7133365 3.7133365 18.492596)
(-3.7100254 3.7100254 17.984721)
(-3.7140052 3.7140052 18.23637)
(-5.5556506 5.5556506 16.827584)
(-5.7675002 5.7675002 16.668072)
(-5.6745921 5.6745921 17.107024)
(-5.7211191 5.7211191 16.891135)
(-4.7657274 4.7657274 15.503257)
(-4.5935521 4.5935521 15.249928)
(-4.7692818 4.7692818 15.252981)
(-3.7120929 3.7120929 15.497174)
(-3.7121667 3.7121667 15.248591)
(-3.8886739 3.8886739 15.744839)
(-3.712526 3.712526 15.994397)
(-3.7122021 3.7122021 15.745708)
(-3.8907621 3.8907621 16.24177)
(-3.7131762 3.7131762 16.243317)
(-4.4160563 4.4160563 15.496237)
(-4.4176307 4.4176307 15.248577)
(-5.8737449 5.8737449 16.20628)
(-6.0035137 6.0035137 15.795995)
(-5.9413629 5.9413629 15.994176)
(-3.7094374 3.7094374 17.490553)
(-3.880474 3.880474 17.738015)
(-3.7088067 3.7088067 17.737422)
(-4.5759052 4.5759052 18.923638)
(-4.7871054 4.7871054 18.687503)
(-4.6815618 4.6815618 18.803274)
(-4.2402815 4.2402815 15.742477)
(-4.0656796 4.0656796 15.990822)
(-4.0648196 4.0648196 15.743579)
(-5.6322325 5.6322325 16.359383)
(-5.8157027 5.8157027 16.436542)
(-4.4220301 4.4220301 16.463703)
(-4.5940582 4.5940582 16.672396)
(-4.2629096 4.2629096 16.727717)
(-4.4351218 4.4351218 16.696466)
(-3.8880523 3.8880523 17.248373)
(-3.7115132 3.7115132 17.242735)
(-4.243616 4.243616 16.232579)
(-4.0723121 4.0723121 16.487469)
(-4.0680365 4.0680365 16.238117)
(-4.0793293 4.0793293 17.004488)
(-4.0790527 4.0790527 16.742816)
(-4.39368 4.39368 19.151509)
(-4.1785294 4.1785294 19.30498)
(-4.2635955 4.2635955 19.076447)
(-4.2938092 4.2938092 19.226807)
(-4.4149365 4.4149365 15.985618)
(-4.5870737 4.5870737 16.222623)
(-4.4167724 4.4167724 16.226214)
(-4.5889376 4.5889376 15.743843)
(-4.4150214 4.4150214 15.742065)
(-4.2401018 4.2401018 17.295824)
(-4.0524881 4.0524881 17.503512)
(-4.0667487 4.0667487 17.261208)
(-3.6894033 3.6894033 18.981409)
(-3.6837324 3.6837324 19.44338)
(-3.6853209 3.6853209 19.212318)
(-4.0522369 4.0522369 17.975645)
(-4.0498363 4.0498363 17.739089)
(-5.1024998 5.1024998 16.017077)
(-4.9353976 4.9353976 15.759954)
(-5.2819733 5.2819733 15.799625)
(-5.1085428 5.1085428 15.777215)
(-4.7917794 4.7917794 18.425778)
(-4.9915594 4.9915594 18.432973)
(-4.8891438 4.8891438 18.565907)
(-5.1996475 5.1996475 18.132001)
(-5.2008328 5.2008328 17.845901)
(-5.4026872 5.4026872 17.826891)
(-5.3032755 5.3032755 17.978459)
(-4.7589225 4.7589225 15.990062)
(-4.7622615 4.7622615 15.74927)
(-5.5680653 5.5680653 17.504796)
(-5.4929759 5.4929759 17.67297)
(-3.8620815 3.8620815 18.774231)
(-3.7019223 3.7019223 18.743601)
(-4.0549069 4.0549069 18.206381)
(-5.2262648 5.2262648 16.733088)
(-5.4202071 5.4202071 16.548622)
(-5.3581937 5.3581937 16.990831)
(-5.3901671 5.3901671 16.775028)
(-4.3898123 4.3898123 18.955269)
(-4.4813123 4.4813123 19.047842)
(-4.9920183 4.9920183 18.140373)
(-4.787308 4.787308 18.148627)
(-4.9901097 4.9901097 17.845012)
(-4.8858537 4.8858537 17.99844)
(-4.7524356 4.7524356 16.451839)
(-4.9238761 4.9238761 16.234624)
(-4.7555912 4.7555912 16.224866)
(-5.1717647 5.1717647 17.159875)
(-5.4756131 5.4756131 17.245835)
(-5.3254215 5.3254215 17.198133)
(-5.0951787 5.0951787 18.286028)
(-4.5835714 4.5835714 18.155133)
(-4.689073 4.689073 18.293169)
(-5.2664347 5.2664347 16.276947)
(-5.0807603 5.0807603 16.480768)
(-5.0933895 5.0933895 16.252282)
(-4.8742812 4.8742812 17.085251)
(-5.0444008 5.0444008 16.913841)
(-5.0198804 5.0198804 17.119622)
(-4.4823712 4.4823712 17.998057)
(-4.9053626 4.9053626 16.679259)
(-5.0643087 5.0643087 16.701508)
(-4.5511815 4.5511815 17.41736)
(-4.7177588 4.7177588 17.250628)
(-4.7027361 4.7027361 17.447264)
(-6.1007671 6.1007671 15.399281)
(-5.9788391 5.9788391 15.180662)
(-6.1444511 6.1444511 15.199532)
(-5.7920184 5.7920184 15.32489)
(-5.815322 5.815322 15.159742)
(-5.9079188 5.9079188 15.545593)
(-6.0546093 6.0546093 15.598554)
(-4.058951 4.058951 19.406749)
(-5.6257847 5.6257847 17.314375)
(-4.1435529 4.1435529 18.882467)
(-4.0073846 4.0073846 18.830569)
(-5.4587293 5.4587293 16.060655)
(-5.446083 5.446083 16.309004)
(-5.452244 5.452244 15.596414)
(-5.4547126 5.4547126 15.820686)
(-5.6191205 5.6191205 15.446366)
(-5.4634873 5.4634873 15.381623)
(-5.1027396 5.1027396 17.701858)
(-4.7437019 4.7437019 16.871818)
(-4.7333237 4.7333237 17.063366)
(-4.3998664 4.3998664 17.358756)
(-4.7490656 4.7490656 16.6685)
(-4.3035856 4.3035856 18.731844)
(-4.3183111 4.3183111 18.545966)
(-5.7642962 5.7642962 15.496492)
(-3.679074 3.679074 19.670329)
(-4.2749396 4.2749396 18.911248)
(-3.9266283 3.9266283 19.164263)
(-5.7168209 5.7168209 15.796348)
(-4.9496099 4.9496099 17.440341)
(-4.6895338 4.6895338 17.793027)
(-4.1035293 4.1035293 18.530263)
(-4.5479331 4.5479331 18.549634)
(-4.5008022 4.5008022 17.037445)
(-4.3184684 4.3184684 17.713795)
(-5.5416591 5.5416591 15.105039)
(-5.2953967 5.2953967 17.514519)
(-4.2957916 4.2957916 18.233702)
(-3.8937707 3.8937707 19.61903)
(-3.8020298 3.2472402 15)
(-3.8020298 3.2472402 15.2488)
(-3.8020298 3.2472402 15.4976)
(-3.8020298 3.2472402 15.7464)
(-3.8020298 3.2472402 15.9952)
(-3.8020298 3.2472402 16.244)
(-3.8020298 3.2472402 16.4928)
(-3.8020298 3.2472402 16.7416)
(-3.8020298 3.2472402 16.9904)
(-3.8020298 3.2472402 17.2392)
(-3.8020298 3.2472402 17.488)
(-3.8020298 3.2472402 17.7368)
(-3.8020298 3.2472402 17.9856)
(-3.8020298 3.2472402 18.2344)
(-3.8020298 3.2472402 18.4832)
(-3.8020298 3.2472402 18.732)
(-3.8020298 3.2472402 18.9808)
(-3.8020298 3.2472402 19.2296)
(-3.8020298 3.2472402 19.4784)
(-3.8020298 3.2472402 19.7272)
(-3.8020298 3.2472402 19.976)
(-3.9921313 3.4096023 15)
(-4.1822328 3.5719643 15)
(-4.3723343 3.7343263 15)
(-4.5624358 3.8966883 15)
(-4.7525373 4.0590503 15)
(-4.9426388 4.2214123 15)
(-5.1327403 4.3837743 15)
(-5.3228418 4.5461363 15)
(-5.5129433 4.7084984 15)
(-5.7030447 4.8708604 15)
(-5.8931462 5.0332224 15)
(-6.0832477 5.1955844 15)
(-6.2733492 5.3579464 15)
(-6.4634507 5.5203084 15)
(-6.6535522 5.6826704 15)
(-6.8436537 5.8450324 15)
(-6.1592883 5.2605292 17.615)
(-6.2163188 5.3092378 17.397083)
(-6.2733492 5.3579464 17.179167)
(-6.3303797 5.406655 16.96125)
(-6.3874101 5.4553636 16.743333)
(-6.4444406 5.5040722 16.525417)
(-6.501471 5.5527808 16.3075)
(-6.5585015 5.6014894 16.089583)
(-6.6155319 5.650198 15.871667)
(-6.6725623 5.6989066 15.65375)
(-6.7295928 5.7476152 15.435833)
(-6.7866232 5.7963238 15.217917)
(-5.474923 4.6760259 18.6)
(-5.5889838 4.7734432 18.435833)
(-5.7030447 4.8708604 18.271667)
(-5.8171056 4.9682776 18.1075)
(-5.9311665 5.0656948 17.943333)
(-6.0452274 5.163112 17.779167)
(-4.7905576 4.0915227 19.285)
(-4.9046185 4.1889399 19.170833)
(-5.0186794 4.2863571 19.056667)
(-5.1327403 4.3837743 18.9425)
(-5.2468012 4.4811915 18.828333)
(-5.3608621 4.5786087 18.714167)
(-4.1061922 3.5070195 19.8)
(-4.2202531 3.6044367 19.714167)
(-4.334314 3.7018539 19.628333)
(-4.4483749 3.7992711 19.5425)
(-4.5624358 3.8966883 19.456667)
(-4.6764967 3.9941055 19.370833)
(-3.954111 3.3771299 19.888)
(-5.6937257 4.8629012 15.312785)
(-5.5058789 4.7024649 15.273187)
(-5.68467 4.8551669 15.560306)
(-5.499466 4.6969877 15.531214)
(-5.3124793 4.537286 15.512974)
(-5.3175368 4.5416054 15.259235)
(-4.5602449 3.8948171 15.495839)
(-4.371134 3.7333011 15.49614)
(-4.3716298 3.7337245 15.248176)
(-4.5612203 3.8956501 15.248167)
(-4.1816313 3.5714506 15.496697)
(-4.1818576 3.5716438 15.248382)
(-3.9937733 3.4110046 16.492931)
(-3.9941494 3.4113258 16.743064)
(-4.1861882 3.5753425 16.491965)
(-4.1879469 3.5768446 16.74414)
(-4.1863526 3.5754829 16.997379)
(-3.9932017 3.4105164 16.993316)
(-4.1748093 3.565624 17.980812)
(-4.1833573 3.5729247 18.22705)
(-3.9939537 3.4111587 18.23637)
(-3.9896739 3.4075034 17.984721)
(-4.2129923 3.5982354 18.509173)
(-3.9932345 3.4105445 18.492596)
(-5.9322088 5.066585 17.042866)
(-5.9744157 5.102633 16.827584)
(-6.1523566 5.2546089 16.891135)
(-6.1023226 5.2118759 17.107024)
(-6.0157341 5.1379223 16.601257)
(-6.2022338 5.2972081 16.668072)
(-5.1287732 4.3803862 15.252981)
(-5.1249509 4.3771216 15.503257)
(-4.9371375 4.2167138 15.498295)
(-4.9397977 4.2189858 15.249928)
(-3.9919765 3.4094701 15.248591)
(-3.9918972 3.4094023 15.497174)
(-3.9920146 3.4095026 15.745708)
(-3.992363 3.4098001 15.994397)
(-4.1817882 3.5715846 15.744839)
(-4.1824781 3.5721738 15.993113)
(-4.1840339 3.5735025 16.24177)
(-3.9930622 3.4103973 16.243317)
(-4.7489228 4.0559633 15.496237)
(-4.750616 4.0574093 15.248577)
(-6.3164868 5.3947894 16.20628)
(-6.3892016 5.4568937 15.994176)
(-6.1038378 5.21317 16.068334)
(-6.2397929 5.3292866 15.887741)
(-6.3074228 5.387048 15.723038)
(-6.4560372 5.5139766 15.795995)
(-3.9890416 3.4069634 17.490553)
(-3.9883633 3.4063841 17.737422)
(-4.1751349 3.5659021 17.494698)
(-4.1729702 3.5640533 17.738015)
(-5.0344412 4.299819 18.803274)
(-5.1479403 4.3967564 18.687503)
(-4.9208206 4.2027779 18.923638)
(-4.7996468 4.0992856 18.767369)
(-4.946534 4.2247392 18.662417)
(-5.0516738 4.3145371 18.553717)
(-4.3712112 3.7333671 15.743579)
(-4.5598987 3.8945214 15.742477)
(-4.5606194 3.8951369 15.988084)
(-4.372136 3.7341569 15.990822)
(-6.0567701 5.1729703 16.359383)
(-6.2540697 5.3414801 16.436542)
(-4.5698873 3.9030524 16.47763)
(-4.755347 4.06145 16.463703)
(-4.7694255 4.0734742 16.696466)
(-4.5842325 3.9153044 16.727717)
(-4.9346516 4.2145906 16.453107)
(-4.9403419 4.2194506 16.672396)
(-4.9481926 4.2261558 16.871208)
(-4.8006399 4.1001339 16.904563)
(-4.6213302 3.9469889 17.018627)
(-3.9912738 3.4088699 17.242735)
(-4.1811198 3.5710137 17.248373)
(-4.5634846 3.8975841 16.232579)
(-4.3746706 3.7363217 16.238117)
(-4.3792684 3.7402486 16.487469)
(-4.3865172 3.7464396 16.742816)
(-4.3868146 3.7466936 17.004488)
(-4.6775798 3.9950306 19.061743)
(-4.7248599 4.0354116 19.151509)
(-4.6174612 3.9436845 19.226807)
(-4.5849702 3.9159344 19.076447)
(-4.4934921 3.8378048 19.30498)
(-4.4186209 3.7738588 19.110372)
(-4.749693 4.056621 16.226214)
(-4.7477187 4.0549348 15.985618)
(-4.933188 4.2133406 15.985675)
(-4.9328309 4.2130356 16.222623)
(-4.9348354 4.2147476 15.743843)
(-4.7478099 4.0550127 15.742065)
(-4.3732857 3.7351388 17.261208)
(-4.5597056 3.8943564 17.295824)
(-4.528444 3.8676566 17.521335)
(-4.3579502 3.7220411 17.503512)
(-3.9674973 3.3885628 18.981409)
(-3.9631072 3.3848133 19.212318)
(-4.122916 3.521303 18.990495)
(-4.1144567 3.514078 19.189383)
(-4.1388842 3.534941 19.41162)
(-3.961399 3.3833543 19.44338)
(-4.3550985 3.7196055 17.739089)
(-4.35768 3.7218103 17.975645)
(-4.5237499 3.8636474 17.731275)
(-4.5609431 3.8954134 17.976835)
(-5.6750846 4.8469801 16.038661)
(-5.487108 4.686433 16.017077)
(-5.4936065 4.6919832 15.777215)
(-5.6801096 4.8512719 15.799625)
(-5.3019482 4.5282915 16.000358)
(-5.3074103 4.5329566 15.759954)
(-5.1529666 4.4010492 18.425778)
(-5.2576701 4.4904744 18.565907)
(-5.259095 4.4916915 18.286968)
(-5.3678053 4.5845389 18.432973)
(-5.5915784 4.7756591 18.132001)
(-5.7030174 4.870837 17.978459)
(-5.4802393 4.6805666 17.990907)
(-5.592853 4.7767477 17.845901)
(-5.6984731 4.8669558 17.711187)
(-5.8099225 4.9621426 17.826891)
(-5.1176331 4.3708716 15.990062)
(-5.1212237 4.3739383 15.74927)
(-5.8423206 4.9898132 17.427052)
(-5.9877662 5.1140354 17.504796)
(-5.9070168 5.0450689 17.67297)
(-5.7829856 4.9391363 17.579042)
(-3.98096 3.400061 18.743601)
(-4.1531914 3.5471606 18.774231)
(-4.5097263 3.8516701 18.379637)
(-4.3797579 3.7406666 18.405894)
(-4.3605513 3.7242626 18.206381)
(-4.5143814 3.855646 18.206437)
(-5.5924983 4.7764448 16.948414)
(-5.620202 4.800106 16.733088)
(-5.7964586 4.9506433 16.775028)
(-5.7620752 4.9212772 16.990831)
(-5.6445523 4.8209031 16.509273)
(-5.8287629 4.9782338 16.548622)
(-4.8190976 4.1158982 19.047842)
(-4.7207007 4.0318593 18.955269)
(-5.3682989 4.5849604 18.140373)
(-5.254132 4.4874526 17.99844)
(-5.3662463 4.5832073 17.845012)
(-5.1481582 4.3969425 18.148627)
(-5.0397245 4.3043314 18.014949)
(-5.1368983 4.3873256 17.872846)
(-5.2312616 4.4679195 17.674355)
(-5.2863442 4.5149645 16.461266)
(-5.1106572 4.3649136 16.451839)
(-5.1140507 4.3678119 16.224866)
(-5.2950203 4.5223745 16.234624)
(-5.5253644 4.719107 17.396119)
(-5.5615939 4.7500499 17.159875)
(-5.7268328 4.8911773 17.198133)
(-5.7018711 4.869858 17.386194)
(-5.8883453 5.029122 17.245835)
(-5.4792351 4.6797088 18.286028)
(-4.9490001 4.2268454 18.437099)
(-5.0425186 4.3067178 18.293169)
(-4.8013606 4.1007493 18.327578)
(-4.9290646 4.2098189 18.155133)
(-5.477311 4.6780656 16.252282)
(-5.4637298 4.6664661 16.480768)
(-5.6633998 4.8370004 16.276947)
(-5.3617173 4.5793392 17.308224)
(-5.3982611 4.6105505 17.119622)
(-5.2204702 4.4587028 17.271518)
(-5.2416871 4.4768237 17.085251)
(-5.2606753 4.4930411 16.887122)
(-5.4246297 4.6330715 16.913841)
(-4.7000225 4.0141984 18.136198)
(-4.8202363 4.1168708 17.998057)
(-4.7177679 4.0293545 17.834067)
(-4.8575491 4.1487389 17.665164)
(-4.9456595 4.2239922 17.87093)
(-5.4460382 4.651356 16.701508)
(-5.2751113 4.5053707 16.679259)
(-5.0470262 4.3105676 17.64768)
(-5.0572116 4.3192668 17.447264)
(-5.2113472 4.450911 17.451892)
(-4.8942334 4.1800702 17.41736)
(-4.9259709 4.2071766 17.22134)
(-5.0733666 4.3330644 17.250628)
(-6.6075979 5.6434218 15.199532)
(-6.4295027 5.4913141 15.180662)
(-6.5606211 5.6032998 15.399281)
(-6.3933408 5.4604289 15.362842)
(-6.0687314 5.1831863 15.278873)
(-6.0858109 5.1977735 15.132212)
(-6.2536602 5.3411304 15.159742)
(-6.2286 5.319727 15.32489)
(-6.5109841 5.5609058 15.598554)
(-6.3532366 5.4261767 15.545593)
(-4.2366291 3.6184231 19.521034)
(-4.3649002 3.727977 19.406749)
(-4.283429 3.658394 19.268681)
(-6.0498363 5.1670483 17.314375)
(-4.4897318 3.8345932 18.701794)
(-4.4558791 3.8056803 18.882467)
(-4.3094469 3.6806154 18.830569)
(-4.3623041 3.7257597 18.64552)
(-4.2630411 3.6409811 19.025364)
(-5.8565893 5.0019998 16.309004)
(-5.8701889 5.0136149 16.060655)
(-6.0262769 5.1469267 15.628934)
(-6.0361464 5.1553561 15.819838)
(-5.8658693 5.0099257 15.820686)
(-5.8632147 5.0076584 15.596414)
(-5.8753055 5.0179849 15.381623)
(-5.9107091 5.0482225 15.201413)
(-6.0426698 5.1609275 15.446366)
(-5.3901748 4.6036442 17.550861)
(-5.4873659 4.6866533 17.701858)
(-5.606874 4.7887228 17.583731)
(-5.0901047 4.3473601 17.063366)
(-4.9470489 4.2251789 17.047614)
(-5.1012652 4.3568921 16.871818)
(-4.7315126 4.0410936 17.358756)
(-4.684139 4.0006327 17.565906)
(-4.7859526 4.0875897 17.161153)
(-5.1070332 4.3618185 16.6685)
(-4.6382341 3.9614261 18.367115)
(-4.64381 3.9661884 18.545966)
(-4.5099709 3.851879 18.539101)
(-4.7862276 4.0878246 18.54875)
(-4.6279745 3.9526637 18.731844)
(-6.1987882 5.2942653 15.496492)
(-6.1696386 5.2693692 15.665685)
(-3.9563895 3.3790758 19.670329)
(-4.0959559 3.4982768 19.630603)
(-4.5971693 3.9263535 18.911248)
(-4.2226035 3.6064441 19.164263)
(-6.1477344 5.2506612 15.796348)
(-5.3226938 4.54601 17.440341)
(-5.0430141 4.307141 17.793027)
(-4.4128387 3.7689203 18.530263)
(-4.8907401 4.1770866 18.549634)
(-4.8400566 4.1337989 17.037445)
(-4.6439791 3.9663329 17.713795)
(-5.9593696 5.0897825 15.105039)
(-5.6945448 4.8636007 17.514519)
(-4.619593 3.9455052 18.233702)
(-4.1872692 3.5762658 19.61903)
)


// ************************************************************************* //
