/*--------------------------------*- C++ -*----------------------------------*\
| =========                 |                                                 |
| \\      /  F ield         | OpenFOAM: The Open Source CFD Toolbox           |
|  \\    /   O peration     | Version:  4.1                                   |
|   \\  /    A nd           | Web:      www.OpenFOAM.org                      |
|    \\/     M anipulation  |                                                 |
\*---------------------------------------------------------------------------*/
FoamFile
{
    version     2.0;
    format      ascii;
    class       labelList;
    note        "nPoints: 7669 nCells: 2934 nFaces: 11770 nInternalFaces: 5750";
    location    "constant/polyMesh";
    object      neighbour;
}
// * * * * * * * * * * * * * * * * * * * * * * * * * * * * * * * * * * * * * //


5750
(
1
3
74
136
2
57
139
3
56
2514
75
2517
5
7
112
390
6
37
115
7
36
391
9
11
29
196
10
149
199
11
148
30
13
15
34
2915
14
33
80
15
16
83
19
2916
17
19
387
18
22
386
19
21
2911
2910
21
23
2887
22
2886
23
461
460
25
27
45
128
26
32
131
27
35
2884
46
2883
29
31
38
192
30
195
31
39
33
35
104
34
107
35
2891
2890
37
39
38
144
39
147
41
43
134
541
42
133
232
43
49
235
48
538
45
47
58
124
46
127
47
2903
59
2902
49
51
561
50
172
51
53
175
52
558
53
55
505
54
156
55
61
159
60
502
57
59
2907
58
120
59
123
2908
61
63
528
62
162
63
76
161
79
529
65
67
90
116
66
89
207
67
114
206
113
117
69
71
73
77
70
72
2896
71
519
2895
78
518
73
75
2900
74
110
75
109
2901
77
79
111
78
110
79
523
522
81
83
107
82
106
119
83
118
384
387
85
87
101
241
86
88
240
87
91
182
102
181
89
91
167
90
166
91
153
152
93
95
150
379
94
224
378
95
227
151
97
99
141
356
98
100
359
99
103
184
142
187
101
103
283
102
282
103
176
179
105
107
131
106
130
155
107
154
109
111
137
160
110
136
111
161
113
115
412
114
415
115
145
144
117
119
153
118
415
119
414
154
121
123
139
122
138
186
123
125
185
124
125
127
126
178
127
129
177
128
129
131
130
180
131
183
133
135
190
248
134
251
135
509
191
508
137
139
138
170
139
169
141
143
157
315
142
314
143
168
158
171
145
147
146
206
147
193
205
192
149
151
150
254
151
253
153
155
182
154
155
183
157
159
175
158
174
159
163
162
161
163
170
162
163
171
165
167
203
243
166
202
204
167
207
240
169
171
187
170
186
171
173
175
235
174
234
312
175
315
177
179
181
178
180
179
185
184
181
183
182
183
185
187
186
187
189
191
423
617
190
256
422
191
259
614
193
195
194
214
195
197
213
196
197
199
198
220
199
223
255
254
201
203
231
449
202
212
230
203
215
450
205
207
215
206
214
207
209
211
238
317
210
216
237
211
219
297
296
318
213
215
221
214
220
215
217
219
247
218
246
380
219
309
383
308
221
223
222
230
223
229
344
347
225
227
361
226
272
360
227
275
229
231
431
441
230
430
231
442
233
235
251
234
250
302
235
301
237
239
244
238
247
239
286
285
241
243
242
282
243
281
451
450
245
247
246
279
247
278
249
251
259
250
258
288
251
291
253
255
346
376
254
379
255
347
257
259
418
258
348
417
259
351
261
263
270
316
262
295
319
263
294
355
271
354
265
267
330
403
266
277
402
267
276
331
269
271
343
270
284
271
287
340
273
275
321
274
320
327
275
326
277
279
278
381
279
380
281
283
358
476
282
478
283
359
285
287
286
287
317
316
289
291
351
290
350
404
291
303
407
302
293
295
367
372
294
375
435
295
434
364
297
299
365
298
308
299
311
396
366
399
301
303
313
334
302
312
303
335
305
307
489
306
425
307
424
491
490
493
309
311
310
485
311
336
487
339
313
315
314
357
315
356
317
319
318
319
365
364
321
323
329
322
360
323
363
400
330
403
325
327
328
326
327
329
329
331
330
331
333
335
406
454
334
358
453
335
357
407
337
339
447
338
429
446
339
397
428
396
341
343
354
342
353
427
343
426
345
347
430
346
429
446
347
445
349
351
464
350
410
467
351
409
353
355
433
484
354
483
355
434
357
359
358
359
361
363
362
378
363
377
456
459
365
367
366
367
368
371
369
371
399
370
398
436
371
373
439
372
373
375
374
394
375
393
408
411
377
379
445
378
444
379
381
383
382
402
383
401
486
485
385
387
414
386
413
462
387
461
389
391
463
390
413
462
391
412
393
395
406
454
394
405
395
439
438
455
397
399
398
481
399
480
401
403
459
402
458
403
405
407
409
406
408
407
409
411
410
411
432
435
413
415
414
415
417
419
465
472
418
464
419
422
421
473
421
423
468
589
422
471
423
586
425
427
474
426
427
475
429
431
481
430
431
479
433
435
467
434
466
435
437
439
480
438
441
479
439
440
441
443
455
442
443
449
448
452
445
447
456
446
447
457
449
451
477
450
451
478
453
455
477
454
476
455
457
459
458
487
459
486
461
463
462
463
465
467
466
482
467
484
469
471
730
470
488
733
471
490
493
492
473
475
482
474
492
475
491
483
477
478
478
480
481
481
483
484
484
486
487
487
489
490
490
492
493
493
495
497
703
1670
496
597
702
497
515
596
514
1671
499
501
531
547
500
521
546
501
520
1374
532
1377
503
505
528
504
527
569
505
559
568
558
507
509
540
620
508
615
619
509
614
541
511
513
625
689
512
550
624
513
553
686
515
517
1691
516
609
517
530
608
533
1692
519
521
523
520
1367
521
1366
524
523
525
529
524
525
546
526
549
527
529
565
528
564
529
531
533
578
532
581
533
1389
1388
535
537
552
536
551
742
537
681
741
680
539
541
561
540
560
591
541
590
543
545
601
544
626
545
629
753
598
755
547
549
548
581
549
562
580
565
551
553
697
552
696
553
555
557
566
574
556
577
718
557
721
757
567
756
559
561
560
582
561
585
563
565
575
564
566
574
565
569
567
569
568
583
569
582
571
573
628
736
572
627
573
685
684
737
575
577
576
580
577
579
636
635
579
581
608
580
607
581
583
585
584
715
585
592
714
591
587
589
617
588
616
740
589
731
739
730
591
593
620
592
593
760
621
759
595
597
652
700
596
606
651
597
609
701
599
601
646
600
644
649
601
643
603
605
642
604
645
709
605
613
708
612
607
609
637
608
636
609
611
613
688
765
612
687
613
766
615
617
616
693
617
692
619
621
751
768
620
750
621
769
623
625
639
664
624
663
694
625
697
640
627
629
628
629
736
735
631
633
645
709
632
644
649
633
648
747
706
749
635
637
650
719
636
718
637
651
639
641
654
767
640
657
641
689
688
765
643
645
644
645
647
649
755
648
658
754
649
661
651
653
662
652
653
695
663
694
655
657
744
656
710
746
657
665
713
664
659
661
770
660
759
769
661
748
761
747
663
665
719
664
665
720
667
669
745
749
668
717
748
669
711
716
710
746
671
673
676
1379
672
1378
673
679
677
678
675
677
727
764
676
763
1398
677
1401
728
679
681
728
680
681
729
683
685
773
684
739
772
685
738
687
689
688
689
691
693
734
752
692
737
738
693
740
750
695
697
696
700
697
699
699
701
705
743
700
742
701
702
703
705
704
762
705
727
764
726
707
709
745
708
744
767
709
766
711
713
712
758
713
721
757
720
715
717
760
716
756
717
758
761
719
721
720
721
723
725
751
768
724
754
770
725
735
753
734
752
727
729
743
728
729
741
731
733
732
772
733
771
735
737
736
737
739
740
740
742
743
743
745
746
746
748
749
749
751
752
752
754
755
755
757
758
758
760
761
761
763
764
1390
764
1393
766
767
767
769
770
770
772
773
773
775
777
837
844
776
836
1527
777
1454
1526
845
1457
779
781
1041
1359
780
1040
1599
781
1384
1598
1360
1383
783
785
1029
1543
784
1028
1627
785
1404
1626
1403
1544
787
789
1017
1607
788
1016
1503
789
1424
1502
1423
1608
791
793
1009
1623
792
1008
1491
793
1456
1490
1455
1624
795
797
1225
1507
796
1224
1583
797
1055
1582
1054
1508
799
801
1213
1563
800
1212
1661
801
1227
1660
1226
1564
803
805
853
1566
804
1071
1569
805
905
1070
850
904
807
809
870
1648
808
865
873
809
864
1407
1406
1649
811
813
820
1574
812
1307
1577
813
978
1306
821
981
815
817
1113
1287
816
1197
1286
817
1177
1196
1110
1176
819
821
889
972
820
888
903
821
902
973
823
825
937
1204
824
936
1114
825
1117
1271
1205
1270
827
829
921
1216
828
920
1106
829
1109
1251
1217
1250
831
833
901
1220
832
900
1098
833
1101
1239
1221
1238
835
837
1081
1339
836
1080
1327
837
1326
1340
839
841
1064
1593
840
1090
1592
841
1093
1315
1065
1314
843
845
1332
1444
844
1331
1341
845
1340
1445
847
849
1012
1541
848
1078
1540
849
1081
1339
1013
1338
851
853
1207
852
857
1206
853
856
1549
1548
855
857
864
1407
856
863
1552
857
1551
1408
859
861
868
997
860
996
1579
861
1422
1578
869
1425
863
865
874
1513
864
1512
865
875
867
869
1416
1529
868
1317
1528
869
1316
1417
871
873
1654
872
1612
1657
873
876
1611
875
875
877
1525
876
877
1631
1522
1630
879
881
884
1325
880
1050
1324
881
1031
1053
885
1030
883
885
1178
1435
884
1181
1426
885
1429
1436
887
889
1228
1713
888
1209
1712
889
1208
1229
891
893
1415
1625
892
1455
1624
893
1454
1526
1416
1529
895
897
1219
1604
896
1603
897
898
901
1220
899
901
900
906
901
909
903
905
1574
904
1208
905
1207
1575
907
909
908
915
909
914
1099
1098
911
913
1371
1545
912
1403
1544
913
1402
1558
1372
1561
915
917
1215
916
917
918
921
1216
919
921
920
922
921
925
923
925
924
931
925
930
1107
1106
927
929
1395
1609
928
1423
1608
929
1422
1578
1396
1581
931
933
1203
932
933
934
937
1204
935
937
936
938
937
941
939
941
940
951
941
950
1115
1114
943
945
1096
1682
944
1471
1685
945
1185
1470
1097
1184
947
949
993
1136
948
992
1559
949
1402
1558
1137
1405
951
953
1195
952
953
1174
1177
1196
955
957
1175
956
963
957
962
1111
1110
1176
959
961
1187
1658
960
1186
1724
961
1635
1723
1634
1659
963
965
1023
964
965
966
969
1024
967
969
968
974
969
977
1183
1182
971
973
980
1565
972
1226
1564
973
1229
981
975
977
976
1381
977
1103
1380
1102
979
981
1056
980
1055
1582
981
1585
983
985
1117
1271
984
1116
1295
985
1131
1294
1130
1272
987
989
1109
1251
988
1108
1263
989
1151
1262
1150
1252
991
993
1101
1239
992
1100
1247
993
1246
1240
995
997
1093
1315
996
1092
1303
997
1302
1316
999
1001
1132
1276
1000
1131
1294
1001
1297
1669
1277
1668
1003
1005
1072
1589
1004
1011
1588
1005
1010
1515
1073
1514
1007
1009
1147
1477
1008
1075
1476
1009
1074
1148
1011
1013
1343
1012
1554
1013
1557
1344
1015
1017
1143
1293
1016
1059
1292
1017
1058
1144
1019
1021
1112
1473
1020
1472
1686
1021
1288
1689
1113
1287
1023
1025
1112
1473
1024
1111
1025
1182
1185
1470
1027
1029
1139
1233
1028
1047
1232
1029
1046
1140
1031
1033
1436
1032
1618
1033
1275
1621
1274
1437
1035
1037
1052
1535
1036
1051
1234
1037
1122
1237
1125
1536
1039
1041
1123
1245
1040
1043
1244
1041
1042
1124
1043
1045
1599
1044
1258
1045
1138
1261
1141
1600
1047
1049
1627
1048
1282
1049
1142
1285
1145
1628
1051
1053
1313
1052
1312
1053
1619
1618
1055
1057
1068
1056
1057
1306
1069
1309
1059
1061
1503
1060
1482
1061
1146
1485
1149
1504
1063
1065
1080
1327
1064
1079
1494
1065
1497
1328
1067
1069
1332
1444
1068
1443
1509
1069
1508
1333
1071
1073
1575
1072
1573
1073
1572
1576
1075
1077
1491
1076
1462
1077
1154
1465
1157
1492
1079
1081
1521
1080
1520
1081
1083
1085
1224
1583
1084
1223
1446
1085
1172
1449
1171
1584
1087
1089
1212
1661
1088
1211
1362
1089
1188
1365
1187
1658
1091
1093
1605
1092
1219
1604
1093
1218
1095
1097
1104
1392
1096
1391
1701
1097
1700
1105
1099
1101
1100
1215
1101
1214
1103
1105
1183
1104
1400
1105
1399
1184
1107
1109
1108
1203
1109
1202
1111
1113
1112
1113
1115
1117
1116
1195
1117
1194
1119
1121
1166
1198
1120
1201
1376
1121
1354
1375
1167
1357
1123
1125
1269
1124
1268
1125
1359
1358
1127
1129
1300
1533
1128
1273
1532
1129
1130
1272
1133
1301
1131
1133
1132
1133
1478
1481
1135
1137
1396
1581
1136
1241
1580
1137
1240
1397
1139
1141
1257
1140
1256
1141
1543
1542
1143
1145
1281
1144
1280
1145
1607
1606
1147
1149
1489
1148
1488
1149
1623
1622
1151
1153
1164
1152
1531
1153
1382
1530
1165
1385
1155
1157
1469
1156
1222
1468
1157
1225
1507
1506
1159
1161
1179
1708
1160
1169
1707
1161
1168
1347
1180
1346
1163
1165
1372
1561
1164
1253
1560
1165
1252
1373
1167
1169
1728
1168
1353
1169
1352
1729
1171
1173
1213
1563
1172
1562
1173
1453
1210
1452
1175
1177
1176
1177
1179
1181
1677
1180
1676
1181
1335
1334
1183
1185
1184
1185
1187
1189
1193
1188
1189
1433
1190
1432
1191
1193
1421
1192
1420
1594
1193
1597
1725
1724
1195
1197
1295
1196
1197
1296
1199
1201
1728
1200
1704
1727
1201
1387
1703
1386
1203
1205
1263
1204
1205
1264
1207
1209
1408
1208
1209
1409
1211
1213
1441
1212
1440
1213
1215
1217
1247
1216
1217
1248
1219
1221
1303
1220
1221
1304
1223
1225
1461
1224
1460
1225
1227
1229
1228
1719
1229
1718
1231
1233
1255
2332
1232
1283
2331
1233
1282
1256
1235
1237
1312
1236
1311
2447
1237
1266
2446
1269
1239
1241
1304
1240
1241
1305
1243
1245
1267
2459
1244
1259
2458
1245
1258
1268
1247
1249
1559
1248
1249
1250
1253
1560
1251
1253
1252
1253
1255
1257
1260
2335
1256
2334
1257
1261
1259
1261
1260
2356
1261
2355
1263
1265
1531
1264
1265
1270
1273
1532
1267
1269
2444
1268
2443
1269
1271
1273
1272
1273
1275
1277
1665
1276
1479
1277
1478
1662
1279
1281
1284
2351
1280
1290
2350
1281
1293
1285
1283
1285
1284
2347
1285
2346
1287
1289
1296
1288
1289
1666
1297
1669
1291
1293
2367
1292
1483
2366
1293
1482
1295
1297
1296
1297
1299
1301
1480
1534
1300
1318
1537
1301
1321
1481
1303
1305
1579
1304
1305
1580
1307
1309
1308
1517
1309
1330
1516
1333
1311
1313
1323
2432
1312
2431
1313
1324
1315
1317
1328
1316
1317
1329
1319
1321
1361
1320
1360
1383
1321
1382
1530
1533
1323
1325
1428
2391
1324
2390
1325
1429
1327
1329
1527
1328
1329
1528
1331
1333
1342
1332
1345
1333
1335
1337
1426
1336
1346
1337
1349
2415
1427
2414
1339
1341
1344
1340
1341
1345
1343
1345
1516
1344
1515
1345
1347
1349
1348
1352
1349
1351
2400
2399
1351
1353
1356
2571
1352
2570
1353
1357
1355
1357
1369
1356
1368
2667
1357
2666
1359
1361
1536
1360
1361
1537
1363
1365
1440
1364
1439
2589
1365
1430
2588
1433
1367
1369
1374
1368
2895
1369
2894
1375
1371
1373
1384
1598
1372
1601
1373
1385
1375
1377
1376
1377
1386
1389
1379
1381
1380
1401
1381
1400
1383
1385
1384
1385
1387
1389
1388
1693
1389
1692
1391
1393
1670
1392
1673
1393
1399
1398
1395
1397
1404
1626
1396
1629
1397
1405
1399
1401
1400
1401
1403
1405
1404
1405
1407
1409
1711
1408
1409
1712
1411
1413
1419
2468
1412
2467
1413
1595
1420
1594
1415
1417
1424
1502
1416
1505
1417
1425
1419
1421
1431
2596
1420
2595
1421
1432
1423
1425
1424
1425
1427
1429
1428
2412
1429
2411
1431
1433
2601
1432
2600
1433
1435
1437
1664
1674
1436
1677
1437
1665
1439
1441
1451
2534
1440
2537
1441
1452
1443
1445
1456
1490
1444
1493
1445
1457
1447
1449
1460
1448
1459
2560
1449
1450
2559
1453
1451
1453
2575
1452
2574
1453
1455
1457
1456
1457
1459
1461
1467
2555
1460
2554
1461
1468
1463
1465
1476
1464
1475
2543
1465
1466
2542
1469
1467
1469
2540
1468
2539
1469
1471
1473
1472
1694
1473
1697
1475
1477
1487
2384
1476
2383
1477
1488
1479
1481
1480
1621
1481
1620
1483
1485
1484
2364
1485
1486
2363
1489
1487
1489
2379
1488
2378
1489
1491
1493
1492
1493
1506
1509
1495
1497
1520
1496
1519
1497
1590
1593
1499
1501
1633
1500
1501
1523
1522
1630
1503
1505
1504
1505
1622
1625
1507
1509
1508
1509
1511
1513
1524
1512
1553
1513
1552
1525
1515
1517
1576
1516
1517
1577
1519
1521
1539
1520
1521
1540
1523
1525
1524
1525
1527
1529
1528
1529
1531
1533
1532
1533
1535
1537
1620
1536
1619
1537
1539
1541
1556
1540
1541
1557
1543
1545
1600
1544
1545
1601
1547
1549
1550
1548
1567
1549
1566
1551
1551
1553
1552
1553
1555
1557
1588
1556
1587
1557
1559
1561
1560
1561
1563
1565
1584
1564
1565
1585
1567
1569
1568
1569
1570
1573
1571
1573
1572
1586
1573
1589
1575
1577
1576
1577
1579
1581
1580
1581
1583
1585
1584
1585
1587
1589
1588
1589
1591
1593
1592
1602
1593
1605
1595
1597
1596
1597
1638
1641
1599
1601
1600
1601
1603
1605
1604
1605
1607
1609
1628
1608
1609
1629
1611
1613
1632
1612
1631
1613
1617
1616
1615
1617
1642
1656
1616
1645
1617
1657
1619
1621
1620
1621
1623
1625
1624
1625
1627
1629
1628
1629
1631
1633
1632
1633
1635
1637
1720
1636
1714
1637
1647
1717
1646
1721
1639
1641
1640
1644
1641
1643
1722
1725
1643
1645
1716
1644
1715
1645
1647
1649
1710
1648
1655
1649
1654
1711
1651
1653
1681
1696
1652
1695
1733
1653
1706
1732
1678
1709
1655
1657
1656
1717
1657
1716
1659
1661
1660
1720
1661
1719
1663
1665
1668
1664
1667
1680
1665
1679
1667
1669
1689
1668
1688
1669
1671
1673
1672
1691
1673
1690
1698
1701
1675
1677
1679
1676
1678
1709
1677
1708
1679
1681
1680
1681
1688
1687
1683
1685
1700
1684
1699
1730
1685
1695
1733
1694
1687
1689
1697
1688
1696
1689
1691
1693
1702
1692
1693
1703
1695
1697
1696
1697
1699
1701
1702
1700
1705
1701
1703
1705
1704
1705
1731
1730
1707
1709
1726
1708
1729
1709
1711
1713
1721
1712
1713
1718
1715
1717
1723
1716
1722
1717
1719
1721
1720
1721
1723
1725
1724
1725
1727
1729
1732
1728
1731
1729
1731
1733
1732
1733
1735
1737
1772
2309
1736
1959
2308
1737
1916
1958
1773
1915
1739
1741
1821
1848
1740
1777
1847
1741
1776
2162
1818
2165
1743
1745
1872
2679
1744
1871
2118
1745
1746
2121
1749
2680
1747
1749
2305
1748
2242
2304
1749
2245
2823
2822
1751
1753
1828
2831
1752
1827
2126
1753
1754
2129
1757
2832
1755
1757
2313
1756
1822
2312
1757
1825
2835
2834
1759
1761
2167
2882
1760
1815
2885
1761
1814
1855
1854
2168
1763
1765
1768
2185
1764
2143
2184
1765
2142
2851
1769
2850
1767
1769
2236
2859
1768
2154
2235
1769
2157
2860
1771
1773
1820
1923
1772
1819
2110
1773
2113
1924
1775
1777
1824
1947
1776
1823
2114
1777
2117
1948
1779
1781
1849
2848
1780
1821
1848
1781
1820
1923
1922
2849
1783
1785
1810
2863
1784
1813
2074
1785
1974
2077
1977
2864
1787
1789
1790
1856
1788
1814
1855
1789
1817
2230
1791
2233
1791
1793
2651
1792
2237
1793
2236
2859
2652
2858
1795
1797
1801
2699
1796
1800
1845
1797
1844
2703
2700
2702
1799
1801
2037
2215
1800
1838
2036
1801
1841
2216
1803
1805
2241
2725
1804
2048
2240
1805
1806
2047
1809
2722
1807
1809
2041
1808
2040
2214
1809
2217
2727
2726
1811
1813
2715
1812
1853
2714
1813
1852
2059
2058
1815
1817
1816
2893
1817
1990
2892
1993
1819
1821
2069
1820
2068
1821
1823
1825
2161
1824
2160
1825
1907
1906
1827
1829
1836
2149
1828
2148
1829
2631
1837
2630
1831
1833
2291
2669
1832
2668
2899
1833
2195
2898
2194
2292
1835
1837
2104
2643
1836
2103
2213
1837
2212
2644
1839
1841
2176
1840
2175
2316
1841
1842
2315
1845
1843
1845
2181
1844
1851
2180
1845
1850
1847
1849
1949
2798
1848
1948
1849
2799
1851
1853
2703
1852
2152
1853
2151
2704
1855
1857
1860
1856
1857
2651
1861
2650
1859
1861
1965
2655
1860
1964
2169
1861
2168
2656
1863
1865
2203
2293
1864
2194
2292
1865
1963
2197
1962
2204
1867
1869
1895
2286
1868
2207
2289
1869
2206
2783
1896
2782
1871
1873
2053
2223
1872
2052
1873
1899
1898
2224
1875
1877
1931
2244
1876
2106
2243
1877
1878
2109
1881
1932
1879
1881
2301
1880
2238
2300
1881
2241
2725
2724
1883
1885
1986
2807
1884
1989
2711
1885
2551
2710
2550
2808
1887
1889
1892
2353
1888
2140
2352
1889
2139
2199
1893
2198
1891
1893
2101
2191
1892
2100
2369
1893
2368
2192
1895
1897
1920
2281
1896
2280
1897
2439
1921
2438
1899
1901
2627
1900
2679
1901
2451
2678
2450
2628
1903
1905
2245
2823
1904
1931
2244
1905
1930
2775
2774
2824
1907
1909
2835
1908
1947
1909
1946
2455
2454
2836
1911
1913
1916
1958
1912
1961
2619
1913
2618
2880
1917
2879
1915
1917
1925
2319
1916
1924
1917
2320
1919
1921
2020
2435
1920
2019
2274
1921
2277
2436
1923
1925
2359
1924
1925
2360
1927
1929
2370
2872
1928
2190
2871
1929
2193
2339
2338
2371
1931
1933
1934
1932
1933
2724
1935
2723
1935
1937
2775
1936
2729
1937
2728
2790
2776
2793
1939
1941
1944
1940
1950
1941
1953
2187
1945
2186
1943
1945
2055
2889
1944
2888
1945
2056
1947
1949
2282
1948
1949
2283
1951
1953
1952
2687
1953
2123
2686
2122
1955
1957
1988
2097
1956
1995
2096
1957
1994
2712
1989
2711
1959
1961
1960
1966
1961
1969
2227
2226
1963
1965
2691
1964
2170
1965
2173
2692
1967
1969
2308
1968
2307
2649
1969
1970
2648
1973
1971
1973
2662
1972
2043
2665
1973
2042
2228
2227
1975
1977
2029
1976
1983
2028
1977
1982
2867
2866
1979
1981
1984
2081
1980
1987
2080
1981
1986
2807
1985
2806
1983
1985
2787
1984
2082
1985
2085
2788
1987
1989
1988
2086
1989
2089
1991
1993
2914
1992
2054
2917
1993
2057
2231
2230
1995
1997
2870
1996
2098
1997
2101
2191
2190
2871
1999
2001
2139
2199
2000
2007
2138
2001
2006
2343
2200
2342
2003
2005
2008
2253
2004
2011
2252
2005
2010
2811
2009
2810
2007
2009
2395
2008
2254
2009
2257
2396
2011
2013
2403
2012
2258
2013
2014
2261
2017
2404
2015
2017
2265
2016
2023
2264
2017
2022
2407
2406
2019
2021
2024
2269
2020
2268
2021
2419
2025
2418
2023
2025
2423
2024
2270
2025
2273
2424
2027
2029
2076
2557
2028
2083
2556
2029
2082
2077
2031
2033
2040
2214
2032
2039
2746
2033
2034
2749
2037
2215
2035
2037
2779
2036
2177
2778
2037
2176
2039
2041
2046
2769
2040
2768
2041
2047
2043
2045
2222
2044
2661
2045
2050
2660
2053
2223
2047
2049
2765
2048
2049
2093
2092
2762
2051
2053
2673
2052
2119
2672
2053
2118
2055
2057
2913
2056
2912
2057
2186
2189
2059
2061
2074
2060
2151
2061
2150
2577
2075
2576
2063
2065
2303
2829
2064
2107
2828
2065
2106
2243
2242
2304
2067
2069
2164
2622
2068
2111
2625
2069
2110
2165
2071
2073
2299
2857
2072
2856
2926
2073
2239
2929
2238
2300
2075
2077
2076
2558
2077
2561
2079
2081
2084
2545
2080
2087
2544
2081
2086
2085
2083
2085
2084
2538
2085
2541
2087
2089
2088
2382
2089
2094
2385
2097
2091
2093
2239
2929
2092
2754
2928
2093
2757
2240
2095
2097
2381
2096
2099
2380
2097
2098
2099
2101
2100
2362
2101
2365
2103
2105
2130
2144
2104
2133
2105
2739
2145
2738
2107
2109
2108
2842
2109
2298
2845
2301
2111
2113
2112
2602
2113
2306
2605
2309
2115
2117
2160
2116
2159
2614
2117
2163
2617
2162
2119
2121
2120
2818
2121
2302
2821
2305
2123
2125
2187
2124
2155
2125
2154
2235
2188
2234
2127
2129
2148
2128
2147
2734
2129
2310
2737
2313
2131
2133
2136
2132
2135
2674
2133
2210
2677
2213
2135
2137
2183
2697
2136
2696
2137
2144
2143
2184
2139
2141
2254
2140
2141
2349
2255
2348
2143
2145
2639
2144
2145
2640
2147
2149
2211
2721
2148
2720
2149
2212
2151
2153
2535
2152
2153
2180
2179
2536
2155
2157
2156
2686
2157
2182
2689
2185
2159
2161
2311
2745
2160
2744
2161
2312
2163
2165
2164
2613
2165
2612
2167
2169
2172
2905
2168
2904
2169
2173
2171
2173
2197
2172
2196
2906
2173
2909
2175
2177
2218
2795
2176
2221
2177
2796
2179
2181
2314
2587
2180
2586
2181
2315
2183
2185
2685
2184
2684
2185
2187
2189
2188
2189
2232
2231
2191
2193
2192
2193
2198
2201
2195
2197
2196
2516
2197
2515
2199
2201
2200
2201
2340
2339
2203
2205
2208
2294
2204
2297
2205
2691
2209
2690
2207
2209
2607
2208
2249
2209
2248
2608
2211
2213
2709
2212
2708
2213
2215
2217
2216
2217
2699
2698
2219
2221
2802
2220
2594
2805
2221
2317
2597
2316
2223
2225
2228
2224
2225
2627
2229
2626
2227
2229
2619
2228
2229
2620
2231
2233
2232
2233
2234
2237
2235
2237
2236
2237
2239
2241
2240
2241
2243
2245
2244
2245
2247
2249
2288
2417
2248
2295
2416
2249
2294
2289
2251
2253
2256
2337
2252
2259
2336
2253
2258
2257
2255
2257
2256
2330
2257
2333
2259
2261
2260
2354
2261
2262
2357
2265
2263
2265
2461
2264
2271
2460
2265
2270
2267
2269
2272
2449
2268
2275
2448
2269
2274
2273
2271
2273
2272
2442
2273
2445
2275
2277
2276
2430
2277
2278
2433
2281
2279
2281
2393
2280
2287
2392
2281
2286
2283
2285
2455
2284
2798
2285
2579
2801
2456
2578
2287
2289
2288
2410
2289
2413
2291
2293
2296
2573
2292
2572
2293
2297
2295
2297
2296
2398
2297
2401
2299
2301
2841
2300
2840
2301
2303
2305
2817
2304
2816
2305
2307
2309
2637
2308
2636
2309
2311
2313
2733
2312
2732
2313
2315
2317
2598
2316
2317
2599
2319
2321
2361
2512
2320
2360
2321
2879
2513
2878
2323
2325
2452
2584
2324
2451
2678
2325
2326
2681
2329
2585
2327
2329
2825
2328
2774
2824
2329
2502
2777
2505
2331
2333
2348
2332
2347
2333
2334
2337
2335
2337
2336
2355
2337
2354
2339
2341
2568
2340
2341
2342
2345
2569
2343
2345
2344
2395
2345
2394
2490
2493
2347
2349
2351
2348
2349
2352
2351
2353
2367
2352
2353
2368
2355
2357
2356
2357
2458
2461
2359
2361
2372
2846
2360
2849
2361
2373
2363
2365
2380
2364
2379
2365
2366
2369
2367
2369
2368
2369
2371
2373
2511
2372
2568
2373
2567
2512
2375
2377
2456
2578
2376
2581
2813
2377
2531
2812
2457
2530
2379
2381
2384
2380
2381
2385
2383
2385
2544
2384
2543
2385
2387
2389
2501
2546
2388
2500
2528
2389
2434
2527
2437
2547
2391
2393
2432
2392
2411
2393
2410
2433
2395
2397
2580
2396
2397
2810
2581
2813
2399
2401
2416
2400
2415
2401
2570
2573
2403
2405
2531
2812
2404
2811
2405
2406
2409
2532
2407
2409
2408
2423
2409
2422
2519
2518
2411
2413
2412
2413
2414
2417
2415
2417
2416
2417
2419
2421
2424
2420
2435
2421
2434
2527
2425
2526
2423
2425
2523
2424
2425
2524
2427
2429
2548
2785
2428
2784
2874
2429
2750
2877
2549
2753
2431
2433
2448
2432
2447
2433
2435
2437
2436
2437
2438
2441
2439
2441
2440
2782
2441
2548
2785
2547
2443
2445
2460
2444
2459
2445
2446
2449
2447
2449
2448
2449
2451
2453
2475
2452
2453
2590
2476
2593
2455
2457
2463
2456
2457
2464
2459
2461
2460
2461
2463
2465
2496
2837
2464
2836
2465
2530
2497
2533
2467
2469
2804
2468
2469
2595
2594
2805
2471
2473
2552
2881
2472
2618
2880
2473
2474
2621
2477
2553
2475
2477
2629
2476
2628
2477
2562
2565
2479
2481
2484
2633
2480
2495
2632
2481
2494
2522
2485
2525
2483
2485
2500
2528
2484
2499
2642
2485
2645
2529
2487
2489
2653
2876
2488
2652
2858
2489
2751
2861
2750
2877
2491
2493
2580
2492
2579
2801
2493
2566
2800
2569
2495
2497
2520
2496
2830
2497
2833
2521
2499
2501
2741
2759
2500
2740
2501
2760
2503
2505
2773
2504
2772
2862
2505
2582
2865
2585
2507
2509
2552
2881
2508
2551
2710
2509
2510
2713
2513
2878
2511
2513
2873
2512
2872
2513
2515
2517
2907
2516
2906
2517
2898
2901
2519
2521
2532
2520
2523
2521
2522
2533
2523
2525
2524
2525
2526
2529
2527
2529
2528
2529
2531
2533
2532
2533
2535
2537
2574
2536
2577
2537
2586
2589
2539
2541
2556
2540
2555
2541
2542
2545
2543
2545
2544
2545
2547
2549
2760
2548
2549
2761
2551
2553
2564
2552
2553
2565
2555
2557
2560
2556
2557
2561
2559
2561
2576
2560
2575
2561
2563
2565
2593
2564
2592
2809
2565
2808
2567
2569
2847
2568
2846
2569
2571
2573
2572
2666
2573
2669
2575
2577
2576
2577
2579
2581
2580
2581
2583
2585
2869
2584
2591
2868
2585
2590
2587
2589
2588
2598
2589
2601
2591
2593
2592
2786
2593
2789
2595
2597
2596
2597
2600
2599
2599
2601
2600
2601
2603
2605
2625
2604
2624
2605
2634
2637
2607
2609
2784
2874
2608
2783
2609
2690
2693
2875
2611
2613
2616
2612
2623
2613
2622
2617
2615
2617
2744
2616
2743
2617
2619
2621
2620
2621
2626
2629
2623
2625
2624
2625
2627
2629
2628
2629
2631
2633
2644
2632
2831
2633
2830
2645
2635
2637
2636
2646
2637
2649
2639
2641
2758
2852
2640
2851
2641
2738
2741
2759
2643
2645
2740
2644
2739
2645
2647
2649
2648
2663
2649
2662
2651
2653
2656
2652
2653
2657
2655
2657
2693
2875
2656
2692
2657
2876
2659
2661
2664
2660
2670
2661
2673
2665
2663
2665
2664
2665
2667
2669
2668
2894
2669
2897
2671
2673
2672
2819
2673
2818
2675
2677
2696
2676
2695
2677
2706
2709
2679
2681
2680
2681
2822
2825
2683
2685
2688
2684
2694
2685
2697
2689
2687
2689
2688
2689
2691
2693
2692
2693
2695
2697
2696
2697
2699
2701
2727
2700
2701
2791
2728
2790
2703
2705
2791
2704
2705
2714
2717
2792
2707
2709
2708
2718
2709
2721
2711
2713
2712
2713
2870
2873
2715
2717
2716
2863
2717
2772
2862
2771
2719
2721
2720
2735
2721
2734
2723
2725
2726
2724
2729
2725
2727
2729
2728
2729
2731
2733
2736
2732
2742
2733
2745
2737
2735
2737
2736
2737
2739
2741
2740
2741
2743
2745
2744
2745
2747
2749
2768
2748
2767
2749
2780
2779
2751
2753
2752
2853
2753
2758
2852
2761
2755
2757
2922
2756
2925
2757
2763
2762
2759
2761
2760
2761
2763
2765
2764
2765
2766
2769
2767
2769
2768
2769
2771
2773
2776
2793
2772
2792
2773
2777
2775
2777
2776
2777
2779
2781
2796
2780
2781
2797
2783
2785
2784
2785
2787
2789
2868
2788
2867
2789
2806
2809
2791
2793
2792
2793
2795
2797
2803
2796
2802
2797
2799
2801
2800
2848
2801
2847
2803
2805
2804
2805
2807
2809
2808
2809
2811
2813
2812
2813
2815
2817
2820
2816
2826
2817
2829
2821
2819
2821
2820
2821
2823
2825
2824
2825
2827
2829
2828
2843
2829
2842
2831
2833
2832
2833
2834
2837
2835
2837
2836
2837
2839
2841
2844
2840
2854
2841
2857
2845
2843
2845
2844
2845
2847
2849
2848
2849
2851
2853
2860
2852
2853
2861
2855
2857
2856
2921
2857
2920
2859
2861
2860
2861
2863
2865
2864
2865
2866
2869
2867
2869
2868
2869
2871
2873
2872
2873
2875
2877
2876
2877
2879
2881
2880
2881
2883
2885
2904
2884
2903
2885
2890
2893
2887
2889
2911
2888
2889
2912
2891
2893
2892
2915
2893
2914
2895
2897
2896
2897
2900
2899
2899
2901
2900
2901
2903
2905
2908
2904
2905
2909
2907
2909
2908
2909
2911
2913
2916
2912
2913
2917
2915
2917
2916
2917
2919
2921
2933
2920
2927
2932
2921
2926
2923
2925
2928
2924
2927
2932
2925
2931
2927
2929
2928
2929
2931
2933
2932
2933
)


// ************************************************************************* //
