/*--------------------------------*- C++ -*----------------------------------*\
| =========                 |                                                 |
| \\      /  F ield         | OpenFOAM: The Open Source CFD Toolbox           |
|  \\    /   O peration     | Version:  4.1                                   |
|   \\  /    A nd           | Web:      www.OpenFOAM.org                      |
|    \\/     M anipulation  |                                                 |
\*---------------------------------------------------------------------------*/
FoamFile
{
    version     2.0;
    format      ascii;
    class       labelList;
    note        "nPoints:1053  nCells:494  nFaces:1996  nInternalFaces:944";
    location    "constant/Calorimeter_rotated/polyMesh";
    object      neighbour;
}
// * * * * * * * * * * * * * * * * * * * * * * * * * * * * * * * * * * * * * //


944
(
1
3
74
136
2
57
139
3
56
75
5
7
112
390
6
37
115
7
36
391
9
11
29
196
10
149
199
11
148
30
13
15
34
14
33
80
15
16
83
19
17
19
387
18
22
386
19
21
21
23
22
23
461
460
25
27
45
128
26
32
131
27
35
46
29
31
38
192
30
195
31
39
33
35
104
34
107
35
37
39
38
144
39
147
41
43
134
42
133
232
43
49
235
48
45
47
58
124
46
127
47
59
49
51
50
172
51
53
175
52
53
55
54
156
55
61
159
60
57
59
58
120
59
123
61
63
62
162
63
76
161
79
65
67
90
116
66
89
207
67
114
206
113
117
69
71
73
77
70
72
71
78
73
75
74
110
75
109
77
79
111
78
110
79
81
83
107
82
106
119
83
118
384
387
85
87
101
241
86
88
240
87
91
182
102
181
89
91
167
90
166
91
153
152
93
95
150
379
94
224
378
95
227
151
97
99
141
356
98
100
359
99
103
184
142
187
101
103
283
102
282
103
176
179
105
107
131
106
130
155
107
154
109
111
137
160
110
136
111
161
113
115
412
114
415
115
145
144
117
119
153
118
415
119
414
154
121
123
139
122
138
186
123
125
185
124
125
127
126
178
127
129
177
128
129
131
130
180
131
183
133
135
190
248
134
251
135
191
137
139
138
170
139
169
141
143
157
315
142
314
143
168
158
171
145
147
146
206
147
193
205
192
149
151
150
254
151
253
153
155
182
154
155
183
157
159
175
158
174
159
163
162
161
163
170
162
163
171
165
167
203
243
166
202
204
167
207
240
169
171
187
170
186
171
173
175
235
174
234
312
175
315
177
179
181
178
180
179
185
184
181
183
182
183
185
187
186
187
189
191
423
190
256
422
191
259
193
195
194
214
195
197
213
196
197
199
198
220
199
223
255
254
201
203
231
449
202
212
230
203
215
450
205
207
215
206
214
207
209
211
238
317
210
216
237
211
219
297
296
318
213
215
221
214
220
215
217
219
247
218
246
380
219
309
383
308
221
223
222
230
223
229
344
347
225
227
361
226
272
360
227
275
229
231
431
441
230
430
231
442
233
235
251
234
250
302
235
301
237
239
244
238
247
239
286
285
241
243
242
282
243
281
451
450
245
247
246
279
247
278
249
251
259
250
258
288
251
291
253
255
346
376
254
379
255
347
257
259
418
258
348
417
259
351
261
263
270
316
262
295
319
263
294
355
271
354
265
267
330
403
266
277
402
267
276
331
269
271
343
270
284
271
287
340
273
275
321
274
320
327
275
326
277
279
278
381
279
380
281
283
358
476
282
478
283
359
285
287
286
287
317
316
289
291
351
290
350
404
291
303
407
302
293
295
367
372
294
375
435
295
434
364
297
299
365
298
308
299
311
396
366
399
301
303
313
334
302
312
303
335
305
307
489
306
425
307
424
491
490
493
309
311
310
485
311
336
487
339
313
315
314
357
315
356
317
319
318
319
365
364
321
323
329
322
360
323
363
400
330
403
325
327
328
326
327
329
329
331
330
331
333
335
406
454
334
358
453
335
357
407
337
339
447
338
429
446
339
397
428
396
341
343
354
342
353
427
343
426
345
347
430
346
429
446
347
445
349
351
464
350
410
467
351
409
353
355
433
484
354
483
355
434
357
359
358
359
361
363
362
378
363
377
456
459
365
367
366
367
368
371
369
371
399
370
398
436
371
373
439
372
373
375
374
394
375
393
408
411
377
379
445
378
444
379
381
383
382
402
383
401
486
485
385
387
414
386
413
462
387
461
389
391
463
390
413
462
391
412
393
395
406
454
394
405
395
439
438
455
397
399
398
481
399
480
401
403
459
402
458
403
405
407
409
406
408
407
409
411
410
411
432
435
413
415
414
415
417
419
465
472
418
464
419
422
421
473
421
423
468
422
471
423
425
427
474
426
427
475
429
431
481
430
431
479
433
435
467
434
466
435
437
439
480
438
441
479
439
440
441
443
455
442
443
449
448
452
445
447
456
446
447
457
449
451
477
450
451
478
453
455
477
454
476
455
457
459
458
487
459
486
461
463
462
463
465
467
466
482
467
484
469
471
470
488
471
490
493
492
473
475
482
474
492
475
491
483
477
478
478
480
481
481
483
484
484
486
487
487
489
490
490
492
493
493
)


// ************************************************************************* //
